1346,85,1375,85,1375,121,1346,121
1382,87,1403,87,1403,116,1382,116
1437,90,1514,90,1514,126,1437,126
1349,118,1372,118,1372,252,1349,252
1382,121,1395,121,1395,147,1382,147
249,157,445,153,447,216,250,220
847,157,985,153,986,211,849,215
998,154,1310,154,1310,214,998,214
448,157,567,157,567,216,448,216
616,159,732,159,732,211,616,211
570,162,614,162,614,211,570,211
737,162,851,162,851,211,737,211
46,232,108,232,108,268,46,268
110,232,232,232,232,268,110,268
1295,291,1486,291,1486,327,1295,327
116,294,258,294,258,330,116,330
459,294,567,294,567,327,459,327
921,294,1019,294,1019,327,921,327
1292,330,1357,330,1357,366,1292,366
1382,330,1509,330,1509,366,1382,366
1256,332,1282,332,1282,363,1256,363
903,335,1026,335,1026,368,903,368
1191,376,1486,376,1486,412,1191,412
134,379,232,379,232,415,134,415
425,379,601,379,601,415,425,415
781,379,835,379,835,412,781,412
959,379,1057,379,1057,412,959,412
1266,415,1388,415,1388,446,1266,446
159,417,214,417,214,451,159,451
962,417,1060,417,1060,451,962,451
810,459,884,459,884,492,810,492
1210,459,1354,459,1354,495,1210,495
477,461,531,461,531,495,477,495
157,497,211,497,211,531,157,531
371,497,526,497,526,531,371,531
1047,495,1240,495,1240,559,1047,559
1176,497,1230,497,1230,531,1176,531
621,500,675,500,675,534,621,534
758,500,820,500,820,534,758,534
856,500,975,500,975,534,856,534
1431,508,1522,508,1522,541,1431,541
748,528,823,528,823,562,748,562
892,528,944,528,944,562,892,562
314,531,433,531,433,565,314,565
448,531,570,531,570,565,448,565
595,531,696,531,696,565,595,565
379,565,446,565,446,598,379,598
516,565,583,565,583,598,516,598
162,567,263,567,263,606,162,606
1086,567,1243,567,1243,601,1086,601
1052,570,1086,570,1086,595,1052,595
1431,577,1522,577,1522,608,1431,608
1052,593,1246,593,1246,629,1052,629
165,603,263,603,263,637,165,637
183,639,239,639,239,670,183,670
1065,652,1119,652,1119,686,1065,686
1122,652,1256,652,1256,688,1122,688
1037,663,1055,663,1055,678,1037,678
198,673,296,673,296,706,198,706
113,678,201,678,201,712,113,712
121,704,198,704,198,737,121,737
203,709,299,709,299,743,203,743
1096,712,1235,712,1235,776,1096,776
1431,722,1522,722,1522,753,1431,753
219,743,298,748,296,783,217,778
118,763,196,763,196,797,118,797
1437,776,1524,776,1524,807,1437,807
203,781,296,781,296,815,203,815
1166,781,1225,781,1225,812,1166,812
64,784,98,784,98,921,64,921
1024,812,1078,812,1078,846,1024,846
170,815,247,815,247,848,170,848
505,815,583,815,583,846,505,846
1132,815,1256,815,1256,848,1132,848
1504,817,1519,817,1519,838,1504,838
381,817,443,817,443,846,381,846
1026,846,1078,846,1078,879,1026,879
995,848,1019,848,1019,877,995,877
1166,848,1222,848,1222,882,1166,882
126,851,294,851,294,887,126,887
910,851,988,851,988,882,910,882
1504,853,1519,853,1519,877,1504,877
430,859,443,859,443,874,430,874
167,884,247,884,247,918,167,918
1168,884,1222,884,1222,921,1168,921
1434,887,1524,887,1524,918,1434,918
430,892,443,892,443,910,430,910
1504,926,1519,926,1519,946,1504,946
147,926,268,926,268,962,147,962
990,926,1091,926,1091,962,990,962
1093,926,1287,926,1287,962,1093,962
970,933,985,933,985,949,970,949
134,962,278,962,278,995,134,995
1184,962,1331,962,1331,998,1184,998
430,970,443,970,443,985,430,985
1372,972,1385,972,1385,988,1372,988
147,995,268,995,268,1032,147,1032
897,995,988,995,988,1029,897,1029
1086,995,1230,995,1230,1029,1086,1029
417,998,443,998,443,1024,417,1024
552,1001,577,1001,577,1021,552,1021
1086,1029,1230,1029,1230,1065,1086,1065
118,1032,301,1032,301,1065,118,1065
147,1070,268,1070,268,1106,147,1106
1013,1073,1114,1073,1114,1109,1013,1109
1117,1073,1261,1073,1261,1109,1117,1109
98,1104,312,1104,312,1137,98,1137
149,1145,263,1145,263,1179,149,1179
63,1179,95,1178,98,1279,67,1280
147,1179,268,1179,268,1212,147,1212
144,1212,268,1212,268,1246,144,1246
136,1248,278,1248,278,1284,136,1284
67,1279,92,1279,92,1308,67,1308
116,1284,299,1284,299,1318,116,1318
95,1359,283,1359,283,1393,95,1393
87,1393,291,1393,291,1429,87,1429
108,1426,270,1426,270,1462,108,1462
159,1468,216,1468,216,1501,159,1501
371,1468,448,1468,448,1501,371,1501
505,1468,583,1468,583,1501,505,1501
900,1468,988,1468,988,1501,900,1501
577,1470,603,1470,603,1496,577,1496
1204,1506,1449,1506,1449,1542,1204,1542
1021,1509,1171,1509,1171,1545,1021,1545
116,1511,263,1511,263,1545,116,1545
428,1514,446,1514,446,1535,428,1535
980,1550,1171,1550,1171,1586,980,1586
116,1553,263,1553,263,1586,116,1586
317,1553,456,1553,456,1589,317,1589
456,1553,552,1553,552,1586,456,1586
595,1553,722,1553,722,1586,595,1586
761,1553,789,1553,789,1584,761,1584
792,1553,910,1553,910,1586,792,1586
1157,1593,1256,1590,1257,1625,1158,1628
108,1594,270,1594,270,1630,108,1630
317,1594,482,1594,482,1625,317,1625
737,1594,794,1594,794,1627,737,1627
807,1594,905,1594,905,1627,807,1627
1302,1594,1465,1594,1465,1625,1302,1625
1437,1635,1511,1635,1511,1674,1437,1674
1215,1638,1292,1638,1292,1671,1215,1671
116,1640,263,1640,263,1674,116,1674
319,1640,565,1640,565,1674,319,1674
562,1640,634,1640,634,1674,562,1674
634,1640,766,1640,766,1674,634,1674
1060,1640,1135,1640,1135,1671,1060,1671
724,1682,903,1682,903,1715,724,1715
1104,1726,1204,1726,1204,1762,1104,1762
1207,1726,1259,1726,1259,1759,1207,1759
399,1728,531,1728,531,1764,399,1764
1194,1764,1315,1764,1315,1800,1194,1800
1313,1764,1434,1764,1434,1800,1313,1800
1434,1764,1486,1764,1486,1798,1434,1798
157,1767,258,1767,258,1803,157,1803
268,1767,389,1767,389,1803,268,1803
387,1767,516,1767,516,1803,387,1803
516,1767,812,1767,812,1803,516,1803
900,1767,1142,1767,1142,1800,900,1800
1140,1767,1194,1767,1194,1800,1140,1800
79,1769,159,1769,159,1803,79,1803
255,1775,268,1775,268,1795,255,1795
921,1793,1205,1797,1204,1833,920,1829
100,1798,154,1798,154,1831,100,1831
152,1798,216,1798,216,1831,152,1831
211,1798,394,1798,394,1831,211,1831
389,1798,443,1798,443,1831,389,1831
443,1798,546,1798,546,1831,443,1831
544,1798,598,1798,598,1831,544,1831
598,1798,807,1798,807,1831,598,1831
897,1824,1119,1824,1119,1860,897,1860
1119,1824,1284,1824,1284,1860,1119,1860
1295,1824,1442,1824,1442,1860,1295,1860
165,1826,472,1826,472,1860,165,1860
472,1826,526,1826,526,1860,472,1860
521,1826,810,1826,810,1860,521,1860
95,1829,165,1829,165,1857,95,1857
1248,1855,1472,1849,1473,1887,1249,1893
108,1855,479,1855,479,1891,108,1891
536,1855,681,1855,681,1888,536,1888
678,1855,792,1855,792,1888,678,1888
789,1855,820,1855,820,1888,789,1888
921,1855,1029,1855,1029,1888,921,1888
1026,1855,1070,1855,1070,1888,1026,1888
1070,1855,1251,1855,1251,1888,1070,1888
479,1857,534,1857,534,1888,479,1888
1248,1880,1457,1880,1457,1916,1248,1916
299,1883,474,1883,474,1919,299,1919
472,1883,792,1883,792,1919,472,1919
921,1883,1029,1883,1029,1919,921,1919
1024,1883,1099,1883,1099,1916,1024,1916
1099,1883,1173,1883,1173,1916,1099,1916
1173,1883,1251,1883,1251,1916,1173,1916
95,1885,165,1885,165,1914,95,1914
165,1885,304,1885,304,1919,165,1919
921,1911,1083,1911,1083,1945,921,1945
1081,1911,1179,1911,1179,1945,1081,1945
1191,1911,1382,1911,1382,1945,1191,1945
1382,1911,1434,1911,1434,1945,1382,1945
1434,1911,1486,1911,1486,1945,1434,1945
108,1914,159,1914,159,1947,108,1947
159,1914,214,1914,214,1947,159,1947
214,1914,265,1914,265,1945,214,1945
263,1914,376,1914,376,1947,263,1947
376,1916,402,1916,402,1945,376,1945
1181,1919,1189,1919,1189,1937,1181,1937
123,1942,178,1942,178,1976,123,1976
190,1942,363,1942,363,1978,190,1978
361,1942,425,1942,425,1976,361,1976
921,1942,1006,1942,1006,1976,921,1976
1003,1942,1106,1942,1106,1976,1003,1976
95,1945,123,1945,123,1971,95,1971
178,1950,185,1950,185,1965,178,1965
1256,1968,1382,1968,1382,2004,1256,2004
1382,1968,1480,1968,1480,2004,1382,2004
309,1971,549,1971,549,2007,309,2007
546,1971,802,1971,802,2007,546,2007
897,1971,1225,1971,1225,2007,897,2007
1225,1971,1253,1971,1253,2002,1225,2002
108,1973,242,1973,242,2004,108,2004
258,1973,309,1973,309,2004,258,2004
79,2002,448,2002,448,2038,79,2038
448,2002,559,2002,559,2038,448,2038
559,2004,678,2000,679,2035,560,2039
686,2002,817,2002,817,2038,686,2038
982,2002,1173,2002,1173,2038,982,2038
1173,2002,1207,2002,1207,2035,1173,2035
1204,2002,1473,2002,1473,2035,1204,2035
923,2004,975,2004,975,2038,923,2038
402,2030,797,2030,797,2066,402,2066
921,2030,1171,2030,1171,2066,921,2066
1168,2030,1297,2030,1297,2066,1168,2066
1295,2030,1447,2030,1447,2066,1295,2066
1444,2030,1473,2030,1473,2061,1444,2061
100,2033,214,2033,214,2066,100,2066
214,2033,309,2033,309,2066,214,2066
307,2033,350,2033,350,2066,307,2066
350,2033,405,2033,405,2066,350,2066
1331,2058,1468,2058,1468,2094,1331,2094
103,2061,528,2061,528,2097,103,2097
523,2061,652,2061,652,2097,523,2097
650,2061,779,2061,779,2097,650,2097
921,2061,1168,2061,1168,2097,921,2097
1166,2061,1333,2061,1333,2094,1166,2094
921,2089,1253,2089,1253,2125,921,2125
1253,2089,1328,2089,1328,2123,1253,2123
1326,2089,1462,2089,1462,2123,1326,2123
79,2092,389,2092,389,2125,79,2125
389,2092,487,2092,487,2125,389,2125
485,2092,784,2092,784,2125,485,2125
1333,2115,1475,2115,1475,2151,1333,2151
100,2118,392,2118,392,2154,100,2154
392,2118,497,2118,497,2154,392,2154
523,2118,779,2118,779,2154,523,2154
921,2118,1052,2118,1052,2151,921,2151
1047,2118,1101,2118,1101,2151,1047,2151
1101,2118,1148,2118,1148,2151,1101,2151
1148,2118,1222,2118,1222,2151,1148,2151
1222,2118,1320,2118,1320,2151,1222,2151
495,2120,526,2120,526,2149,495,2149
1320,2123,1328,2123,1328,2141,1320,2141
103,2146,178,2146,178,2182,103,2182
175,2146,304,2146,304,2182,175,2182
554,2146,652,2146,652,2182,554,2182
724,2146,830,2146,830,2182,724,2182
301,2149,399,2149,399,2182,301,2182
399,2149,505,2149,505,2182,399,2182
503,2149,554,2149,554,2180,503,2180
650,2149,727,2149,727,2182,650,2182
921,2149,1008,2149,1008,2182,921,2182
92,2187,167,2187,167,2223,92,2223
193,2187,327,2187,327,2223,193,2223
330,2187,451,2187,451,2223,330,2223
456,2190,575,2190,575,2223,456,2223
580,2190,655,2190,655,2223,580,2223
657,2190,712,2190,712,2223,657,2223
714,2190,768,2190,768,2223,714,2223
771,2190,825,2190,825,2223,771,2223
825,2190,905,2190,905,2223,825,2223
905,2190,936,2190,936,2218,905,2218
941,2190,1050,2190,1050,2223,941,2223
175,2195,188,2195,188,2216,175,2216
54,2242,152,2242,152,2278,54,2278
428,2242,528,2242,528,2278,428,2278
1171,2242,1398,2242,1398,2275,1171,2275
1400,2242,1475,2242,1475,2278,1400,2278
178,2244,301,2244,301,2275,178,2275
304,2244,405,2244,405,2278,304,2278
549,2244,639,2244,639,2275,549,2275
1081,2244,1148,2244,1148,2275,1081,2275
1148,2244,1168,2244,1168,2272,1148,2272
1483,2247,1496,2247,1496,2272,1483,2272
407,2249,420,2249,420,2272,407,2272
534,2252,541,2252,541,2267,534,2267
