246,101,568,101,568,168,246,168
1043,101,1196,101,1196,166,1043,166
1201,98,1531,98,1531,168,1201,168
659,106,936,106,936,166,659,166
617,166,651,166,651,176,617,176
1318,160,1520,160,1520,210,1318,210
121,168,142,168,142,176,121,176
137,166,293,166,293,207,137,207
280,168,308,168,308,173,280,173
412,168,441,168,441,176,412,176
443,168,464,168,464,176,443,176
480,168,513,168,513,176,480,176
552,166,656,166,656,207,552,207
651,168,677,168,677,176,651,176
731,168,765,168,765,176,731,176
996,166,1105,166,1105,207,996,207
303,205,337,205,337,212,303,212
430,205,615,205,615,212,430,212
638,205,731,205,731,212,638,212
739,205,796,205,796,212,739,212
877,205,934,205,934,212,877,212
942,205,1014,205,1014,212,942,212
1056,205,1084,205,1084,212,1056,212
1113,205,1160,205,1160,212,1113,212
1186,205,1225,205,1225,212,1186,212
1295,205,1339,205,1339,212,1295,212
1401,205,1484,205,1484,212,1401,212
1497,205,1533,205,1533,212,1497,212
1305,225,1533,225,1533,272,1305,272
887,231,1038,231,1038,269,887,269
1066,231,1214,231,1214,269,1066,269
1038,238,1066,238,1066,259,1038,259
109,282,158,282,158,290,109,290
243,282,264,282,264,290,243,290
295,282,345,282,345,290,295,290
378,282,423,282,423,290,378,290
436,282,464,282,464,290,436,290
464,282,625,282,625,293,464,293
630,282,654,282,654,293,630,293
656,282,817,282,817,295,656,295
946,284,975,280,976,290,947,294
975,280,1040,280,1040,324,975,324
1056,282,1087,282,1087,293,1056,293
1170,282,1219,282,1219,290,1170,290
1245,282,1279,282,1279,290,1245,290
1238,274,1551,288,1548,345,1236,330
1318,282,1331,282,1331,290,1318,290
1396,282,1435,282,1435,293,1396,293
1448,282,1482,282,1482,293,1448,293
1510,282,1580,282,1580,293,1510,293
1051,282,1160,282,1160,324,1051,324
913,285,973,285,973,324,913,324
163,290,269,290,269,324,163,324
542,290,672,290,672,324,542,324
269,319,340,319,340,329,269,329
365,319,529,319,529,329,365,329
132,321,205,321,205,329,132,329
539,321,589,321,589,329,539,329
594,321,615,321,615,329,594,329
700,321,789,321,789,329,700,329
874,321,949,321,949,332,874,332
1235,321,1282,321,1282,332,1235,332
1344,321,1370,321,1370,332,1344,332
1458,321,1500,321,1500,332,1458,332
1035,324,1079,324,1079,332,1035,332
1193,324,1222,324,1222,329,1193,329
1513,324,1536,324,1536,332,1513,332
168,340,264,340,264,386,168,386
874,342,1007,342,1007,389,874,389
1035,342,1173,342,1173,389,1035,389
1256,345,1432,345,1432,389,1256,389
1424,345,1531,345,1531,389,1424,389
1318,407,1471,407,1471,446,1318,446
578,410,635,410,635,446,578,446
986,410,1066,410,1066,446,986,446
428,436,604,436,604,485,428,485
955,441,996,441,996,451,955,451
1025,441,1051,441,1051,454,1025,454
1051,441,1082,441,1082,451,1051,451
916,443,947,443,947,449,916,449
186,446,243,446,243,482,186,482
1197,450,1420,454,1419,530,1195,526
687,464,846,464,846,503,687,503
874,467,1009,467,1009,503,874,503
1025,467,1186,467,1186,506,1025,506
1500,472,1596,472,1596,508,1500,508
360,477,423,477,423,524,360,524
423,477,528,482,526,527,421,522
521,477,667,477,667,524,521,524
1219,524,1243,524,1243,532,1219,532
1256,524,1277,524,1277,532,1256,532
1292,524,1313,524,1313,532,1292,532
1510,524,1539,524,1539,532,1510,532
160,529,197,529,197,563,160,563
225,529,262,529,262,560,225,560
264,529,324,529,324,560,264,560
441,529,521,529,521,563,441,563
591,529,680,529,680,563,591,563
1199,532,1419,532,1419,602,1199,602
1500,547,1598,547,1598,581,1500,581
140,558,215,558,215,568,140,568
223,555,327,555,327,596,223,596
259,558,319,558,319,571,259,571
327,558,345,558,345,568,327,568
358,558,428,558,428,571,358,571
433,558,456,558,456,568,433,568
425,555,524,555,524,607,425,607
602,560,630,560,630,568,602,568
589,558,677,558,677,599,589,599
160,565,207,565,207,599,160,599
197,594,303,594,303,609,197,609
321,594,352,594,352,604,321,604
355,593,431,596,430,608,355,605
134,596,153,596,153,604,134,604
158,596,181,596,181,604,158,604
290,594,327,594,327,638,290,638
438,596,477,596,477,607,438,607
558,596,591,596,591,604,558,604
1219,596,1271,596,1271,607,1219,607
1378,596,1411,596,1411,604,1378,604
1440,596,1502,596,1502,604,1440,604
441,602,521,602,521,638,441,638
602,602,677,602,677,638,602,638
163,607,189,607,189,630,163,630
1251,607,1354,607,1354,643,1251,643
319,625,358,625,358,643,319,643
212,633,241,633,241,641,212,641
249,633,316,633,316,643,249,643
358,633,407,633,407,641,358,641
459,631,522,635,521,645,459,641
622,633,656,633,656,643,622,643
1235,635,1378,635,1378,674,1235,674
602,638,677,638,677,680,602,680
254,641,337,641,337,677,254,677
443,641,521,641,521,682,443,682
142,646,233,646,233,682,142,682
243,672,298,672,298,682,243,682
355,674,404,674,404,682,355,682
404,672,516,672,516,716,404,716
594,662,692,680,682,733,584,714
147,677,231,677,231,711,147,711
231,680,337,680,337,716,231,716
1238,700,1367,700,1367,739,1238,739
140,711,212,711,212,721,140,721
220,711,269,711,269,721,220,721
275,711,342,711,342,721,275,721
373,713,459,713,459,721,373,721
462,713,503,713,503,721,462,721
609,713,638,713,638,721,609,721
586,716,677,716,677,768,586,768
254,721,340,721,340,757,254,757
441,721,513,721,513,757,441,757
145,739,228,739,228,778,145,778
236,752,269,752,269,765,236,765
441,752,495,752,495,763,441,763
272,755,295,755,295,763,272,763
324,755,347,755,347,763,324,763
410,755,430,755,430,763,410,763
526,755,586,755,586,763,526,763
602,755,628,755,628,763,602,763
789,755,817,755,817,763,789,763
782,763,858,759,860,797,784,801
88,763,121,763,121,869,88,869
256,763,337,763,337,796,256,796
428,763,521,763,521,799,428,799
589,763,677,763,677,799,589,799
1225,781,1328,781,1328,820,1225,820
127,786,134,786,134,807,127,807
1328,783,1386,783,1386,817,1328,817
1500,783,1546,783,1546,817,1500,817
1541,783,1598,783,1598,820,1541,820
205,791,293,791,293,804,205,804
142,791,199,791,199,835,142,835
301,794,352,794,352,804,301,804
358,794,430,794,430,804,358,804
441,794,480,794,480,804,441,804
560,794,602,794,602,802,560,802
487,796,511,796,511,804,487,804
724,796,765,796,765,802,724,802
815,796,843,796,843,804,815,804
223,802,262,802,262,835,223,835
288,804,340,804,340,835,288,835
194,833,259,833,259,843,194,843
272,833,306,833,306,843,272,843
342,833,373,833,373,840,342,840
449,830,498,834,498,844,448,840
1090,833,1149,833,1149,840,1090,840
1466,833,1495,833,1495,843,1466,843
140,835,184,835,184,843,140,843
1284,835,1341,835,1341,843,1284,843
1427,835,1458,835,1458,843,1427,843
1539,835,1567,835,1567,843,1539,843
142,840,342,840,342,874,142,874
1100,840,1191,840,1191,874,1100,874
1232,859,1300,859,1300,895,1232,895
1295,859,1378,859,1378,895,1295,895
241,871,347,866,348,879,241,884
134,869,186,869,186,908,134,908
192,872,236,872,236,879,192,879
389,872,438,872,438,879,389,879
609,872,633,872,633,879,609,879
1066,872,1092,872,1092,879,1066,879
1097,872,1139,872,1139,879,1097,879
1097,869,1191,869,1191,913,1097,913
625,872,682,872,682,913,625,913
425,877,513,877,513,913,425,913
218,879,264,879,264,908,218,908
288,879,342,879,342,911,288,911
589,879,635,879,635,913,589,913
591,903,682,903,682,952,591,952
129,908,184,908,184,921,129,921
137,909,345,893,349,949,142,965
246,908,290,908,290,918,246,918
290,908,342,908,342,918,290,918
404,908,459,908,459,918,404,918
607,908,635,908,635,918,607,918
1092,908,1139,908,1139,916,1092,916
1165,908,1186,908,1186,916,1165,916
441,916,513,916,513,949,441,949
212,947,269,947,269,955,212,955
423,947,459,947,459,955,423,955
462,947,490,947,490,955,462,955
532,947,568,947,568,955,532,955
607,947,659,947,659,955,607,955
726,947,773,947,773,955,726,955
1066,947,1110,947,1110,955,1066,955
142,955,360,949,361,985,143,991
1258,955,1300,955,1300,988,1258,988
1365,955,1399,955,1399,988,1365,988
1497,955,1598,955,1598,988,1497,988
1196,970,1230,970,1230,1118,1196,1118
134,983,173,983,173,994,134,994
555,983,591,983,591,991,555,991
1258,983,1360,983,1360,994,1258,994
1362,983,1411,983,1411,996,1362,996
1476,983,1539,983,1539,994,1476,994
1549,983,1580,983,1580,994,1549,994
474,986,508,986,508,994,474,994
913,986,968,986,968,994,913,994
1056,986,1095,986,1095,991,1056,991
1097,986,1149,986,1149,991,1097,991
1432,986,1471,986,1471,994,1432,994
134,991,350,991,350,1027,134,1027
1258,991,1399,991,1399,1027,1258,1027
127,1020,345,1020,345,1066,127,1066
231,1022,277,1022,277,1035,231,1035
280,1022,324,1022,324,1030,280,1030
327,1022,352,1022,352,1033,327,1033
560,1022,602,1022,602,1030,560,1030
1240,1022,1313,1022,1313,1033,1240,1033
1315,1022,1411,1022,1411,1033,1315,1033
1430,1021,1472,1025,1471,1034,1429,1031
394,1025,430,1025,430,1030,394,1030
1058,1025,1090,1025,1090,1030,1058,1030
1365,1030,1399,1030,1399,1066,1365,1066
1261,1033,1289,1033,1289,1064,1261,1064
345,1046,358,1046,358,1064,345,1064
127,1056,350,1056,350,1105,127,1105
246,1061,316,1061,316,1071,246,1071
1261,1090,1295,1090,1295,1126,1261,1126
1365,1090,1399,1090,1399,1126,1365,1126
1323,1105,1339,1105,1339,1121,1323,1121
199,1110,342,1110,342,1155,199,1155
412,1110,521,1110,521,1147,412,1147
617,1110,677,1110,677,1147,617,1147
121,1113,192,1113,192,1144,121,1144
576,1113,625,1113,625,1144,576,1144
145,1139,197,1139,197,1149,145,1149
127,1142,145,1142,145,1149,127,1149
394,1142,420,1142,420,1149,394,1149
423,1142,443,1142,443,1149,423,1149
480,1142,508,1142,508,1149,480,1149
555,1142,612,1142,612,1149,555,1149
617,1142,656,1142,656,1149,617,1149
872,1142,885,1142,885,1149,872,1149
1074,1142,1090,1142,1090,1149,1074,1149
238,1147,345,1147,345,1186,238,1186
137,1149,231,1149,231,1183,137,1183
1191,1149,1349,1149,1349,1186,1191,1186
132,1180,173,1180,173,1191,132,1191
186,1180,256,1180,256,1191,186,1191
280,1180,319,1180,319,1191,280,1191
337,1180,371,1180,371,1188,337,1188
384,1180,436,1180,436,1188,384,1188
441,1180,467,1180,467,1188,441,1188
568,1180,591,1180,591,1188,568,1188
609,1180,638,1180,638,1188,609,1188
1097,1180,1134,1180,1134,1188,1097,1188
1193,1180,1217,1180,1217,1188,1193,1188
1222,1180,1238,1180,1238,1188,1222,1188
1193,1178,1347,1178,1347,1222,1193,1222
1437,1180,1469,1180,1469,1188,1437,1188
1471,1180,1513,1180,1513,1188,1471,1188
1539,1180,1567,1180,1567,1188,1539,1188
124,1188,342,1188,342,1225,124,1225
88,1191,119,1191,119,1289,88,1289
140,1214,342,1214,342,1258,140,1258
599,1217,648,1217,648,1225,599,1225
1053,1217,1092,1217,1092,1225,1053,1225
1103,1217,1129,1217,1129,1225,1103,1225
1129,1217,1162,1217,1162,1225,1129,1225
1199,1217,1232,1217,1232,1227,1199,1227
1238,1217,1258,1217,1258,1225,1238,1225
1352,1217,1386,1217,1386,1227,1352,1227
412,1219,443,1219,443,1225,412,1225
1084,1225,1183,1225,1183,1258,1084,1258
1188,1222,1344,1222,1344,1269,1188,1269
137,1256,176,1256,176,1264,137,1264
225,1256,295,1256,295,1266,225,1266
1053,1256,1077,1256,1077,1264,1053,1264
1103,1256,1139,1256,1139,1264,1103,1264
1289,1256,1313,1256,1313,1264,1289,1264
1380,1253,1536,1253,1536,1300,1380,1300
1508,1258,1526,1258,1526,1266,1508,1266
129,1264,332,1264,332,1300,129,1300
1269,1264,1378,1264,1378,1300,1269,1300
1253,1274,1269,1274,1269,1289,1253,1289
142,1292,212,1292,212,1302,142,1302
218,1295,345,1295,345,1305,218,1305
1056,1295,1103,1295,1103,1302,1056,1302
1110,1295,1178,1295,1178,1302,1110,1302
1214,1295,1269,1295,1269,1308,1214,1308
1274,1287,1393,1287,1393,1362,1274,1362
1502,1295,1549,1295,1549,1305,1502,1305
1406,1295,1513,1295,1513,1334,1406,1334
140,1302,342,1302,342,1339,140,1339
1393,1305,1406,1305,1406,1323,1393,1323
1386,1323,1513,1323,1513,1360,1386,1360
124,1331,202,1331,202,1370,124,1370
192,1334,251,1334,251,1341,192,1341
254,1334,275,1334,275,1341,254,1341
207,1339,342,1339,342,1373,207,1373
93,1378,158,1378,158,1411,93,1411
163,1378,332,1378,332,1414,163,1414
83,1404,340,1404,340,1456,83,1456
256,1409,288,1409,288,1419,256,1419
121,1411,142,1411,142,1419,121,1419
308,1411,340,1411,340,1419,308,1419
365,1411,397,1411,397,1417,365,1417
75,1445,337,1445,337,1492,75,1492
134,1495,171,1495,171,1531,134,1531
1191,1495,1344,1495,1344,1533,1191,1533
1403,1497,1538,1493,1539,1533,1404,1537
254,1497,295,1497,295,1531,254,1531
378,1497,513,1497,513,1531,378,1531
573,1497,674,1497,674,1531,573,1531
781,1497,866,1497,866,1536,781,1536
1053,1497,1082,1497,1082,1528,1053,1528
1082,1497,1183,1497,1183,1531,1082,1531
752,1500,778,1500,778,1526,752,1526
996,1510,1012,1510,1012,1523,996,1523
808,1528,842,1522,844,1533,810,1539
93,1520,340,1520,340,1567,93,1567
381,1526,407,1526,407,1536,381,1536
412,1526,449,1526,449,1536,412,1536
571,1526,589,1526,589,1536,571,1536
783,1526,804,1526,804,1536,783,1536
1038,1526,1066,1526,1066,1536,1038,1536
1157,1526,1178,1526,1178,1536,1157,1536
599,1528,617,1528,617,1536,599,1536
757,1528,778,1528,778,1536,757,1536
1105,1528,1129,1528,1129,1536,1105,1536
480,1533,511,1533,511,1565,480,1565
1227,1533,1308,1533,1308,1570,1227,1570
1422,1533,1523,1533,1523,1570,1422,1570
93,1572,337,1572,337,1609,93,1609
524,1572,755,1572,755,1622,524,1622
815,1572,942,1572,942,1609,815,1609
1007,1572,1165,1572,1165,1609,1007,1609
1227,1572,1422,1572,1422,1609,1227,1609
77,1598,358,1598,358,1650,77,1650
368,1604,386,1604,386,1611,368,1611
386,1598,628,1598,628,1650,386,1650
975,1606,1027,1603,1028,1613,976,1616
1269,1604,1292,1604,1292,1611,1269,1611
564,1605,1035,1595,1037,1685,566,1696
1087,1601,1222,1601,1222,1650,1087,1650
1232,1606,1258,1606,1258,1627,1232,1627
1292,1601,1541,1601,1541,1653,1292,1653
410,1640,576,1640,576,1687,410,1687
1084,1645,1113,1645,1113,1653,1084,1653
1149,1645,1240,1645,1240,1684,1149,1684
1243,1642,1448,1642,1448,1687,1243,1687
96,1645,360,1645,360,1687,96,1687
327,1648,402,1648,402,1655,327,1655
1456,1648,1489,1648,1489,1655,1456,1655
1505,1648,1533,1648,1533,1655,1505,1655
1541,1648,1591,1648,1591,1655,1541,1655
1110,1650,1147,1650,1147,1687,1110,1687
1009,1653,1040,1653,1040,1687,1009,1687
947,1655,973,1655,973,1684,947,1684
1430,1658,1471,1658,1471,1681,1430,1681
1474,1658,1505,1658,1505,1666,1474,1666
1519,1657,1538,1660,1536,1669,1517,1666
1575,1676,1585,1676,1585,1726,1575,1726
103,1681,158,1681,158,1692,103,1692
160,1681,192,1681,192,1692,160,1692
197,1681,282,1681,282,1692,197,1692
651,1681,674,1681,674,1692,651,1692
311,1684,355,1684,355,1692,311,1692
376,1684,412,1684,412,1692,376,1692
430,1684,456,1684,456,1692,430,1692
485,1684,506,1684,506,1692,485,1692
508,1684,560,1684,560,1692,508,1692
591,1684,617,1684,617,1692,591,1692
622,1684,641,1684,641,1692,622,1692
721,1684,770,1684,770,1692,721,1692
796,1684,820,1684,820,1692,796,1692
856,1684,895,1684,895,1692,856,1692
965,1684,1053,1684,1053,1692,965,1692
1056,1684,1126,1684,1126,1692,1056,1692
1131,1684,1152,1684,1152,1692,1131,1692
1186,1684,1238,1684,1238,1692,1186,1692
1240,1684,1261,1684,1261,1692,1240,1692
1271,1684,1287,1684,1287,1692,1271,1692
1292,1684,1336,1684,1336,1692,1292,1692
1365,1684,1419,1684,1419,1692,1365,1692
205,1705,378,1705,378,1751,205,1751
550,1705,635,1705,635,1749,550,1749
682,1707,721,1707,721,1749,682,1749
799,1710,859,1710,859,1744,799,1744
918,1710,960,1710,960,1749,918,1749
1022,1707,1071,1707,1071,1749,1022,1749
1139,1710,1173,1710,1173,1749,1139,1749
0,0,0,0,0,0,0,0
77,1764,329,1764,329,1803,77,1803
327,1762,519,1762,519,1803,327,1803
511,1762,1004,1762,1004,1806,511,1806
109,1801,317,1804,316,1842,108,1839
329,1801,456,1801,456,1840,329,1840
454,1801,511,1801,511,1840,454,1840
513,1800,670,1804,669,1842,513,1838
1461,1798,1544,1798,1544,1840,1461,1840
75,1803,103,1803,103,1835,75,1835
682,1803,825,1803,825,1840,682,1840
830,1803,890,1803,890,1840,830,1840
890,1803,973,1803,973,1840,890,1840
970,1803,1027,1803,1027,1840,970,1840
1030,1803,1110,1803,1110,1840,1030,1840
1110,1803,1193,1803,1193,1840,1110,1840
1193,1803,1300,1803,1300,1840,1193,1840
1302,1803,1383,1803,1383,1840,1302,1840
1383,1803,1466,1803,1466,1840,1383,1840
116,1840,197,1840,197,1876,116,1876
205,1840,604,1840,604,1876,205,1876
609,1840,726,1840,726,1876,609,1876
724,1842,952,1842,952,1876,724,1876
955,1842,1009,1842,1009,1876,955,1876
1009,1842,1113,1842,1113,1879,1009,1879
1113,1842,1258,1842,1258,1879,1113,1879
106,1876,296,1880,295,1919,105,1915
308,1879,441,1879,441,1918,308,1918
443,1881,477,1881,477,1915,443,1915
477,1881,617,1881,617,1918,477,1918
617,1881,674,1881,674,1918,617,1918
677,1881,731,1881,731,1918,677,1918
734,1881,791,1881,791,1918,734,1918
807,1881,1012,1881,1012,1918,807,1918
1014,1881,1046,1881,1046,1915,1014,1915
1048,1881,1105,1881,1105,1915,1048,1915
1105,1881,1520,1881,1520,1918,1105,1918
77,1886,93,1886,93,1910,77,1910
973,1912,1056,1912,1056,1954,973,1954
106,1918,189,1918,189,1954,106,1954
189,1918,332,1918,332,1954,189,1954
332,1918,498,1918,498,1954,332,1954
498,1918,612,1918,612,1954,498,1954
612,1918,726,1918,726,1957,612,1957
729,1918,794,1918,794,1954,729,1954
791,1915,975,1915,975,1957,791,1957
1053,1912,1404,1917,1404,1961,1053,1956
1404,1920,1487,1920,1487,1957,1404,1957
1487,1920,1541,1920,1541,1957,1487,1957
314,1954,511,1954,511,1993,314,1993
109,1957,176,1957,176,1990,109,1990
176,1957,295,1957,295,1993,176,1993
516,1957,565,1957,565,1993,516,1993
565,1957,646,1957,646,1993,565,1993
648,1957,763,1957,763,1993,648,1993
762,1957,1009,1954,1010,1993,763,1996
568,2011,708,2011,708,2071,568,2071
711,2011,1251,2011,1251,2073,711,2073
1123,2276,1320,2272,1321,2316,1124,2320
427,2293,604,2290,605,2328,428,2331
220,2297,269,2297,269,2330,220,2330
