918,27,1076,31,1074,91,916,87
1071,29,1205,29,1205,87,1071,87
740,35,770,35,770,83,740,83
787,31,915,31,915,87,787,87
550,33,738,33,738,99,550,99
521,38,542,38,542,79,521,79
1370,99,1551,99,1551,138,1370,138
145,103,291,103,291,140,145,140
968,103,1069,103,1069,140,968,140
542,105,651,105,651,138,542,138
1024,134,1180,134,1180,171,1024,171
1438,136,1460,136,1460,165,1438,165
838,136,993,136,993,171,838,171
999,147,1020,147,1020,165,999,165
1324,176,1602,176,1602,219,1324,219
1081,178,1180,178,1180,215,1081,215
178,180,404,180,404,219,178,219
575,180,764,180,764,217,575,217
882,180,933,180,933,215,882,215
1610,210,1674,210,1674,245,1610,245
1011,211,1188,211,1188,250,1011,250
138,215,433,215,433,258,138,258
861,215,937,215,937,248,861,248
1355,248,1499,248,1499,285,1355,285
503,250,558,250,558,287,503,287
954,250,1030,250,1030,285,954,285
75,283,105,283,105,318,75,318
188,283,217,283,217,316,188,316
1022,281,1139,281,1139,318,1022,318
1228,281,1316,281,1316,318,1228,318
1322,281,1382,281,1382,318,1322,318
361,283,521,283,521,320,361,320
873,283,929,283,929,318,873,318
694,285,750,285,750,320,694,320
1567,291,1664,291,1664,326,1567,326
860,315,938,312,940,346,861,349
1184,313,1382,313,1382,348,1184,348
281,314,406,314,406,351,281,351
474,315,598,315,598,351,474,351
672,315,773,315,773,351,672,351
1053,315,1106,315,1106,348,1053,348
1226,344,1382,344,1382,383,1226,383
73,342,211,342,211,488,73,488
210,348,245,348,245,447,210,447
336,351,421,351,421,388,336,388
515,351,614,351,614,386,515,386
1129,353,1149,353,1149,377,1129,377
771,355,793,355,793,383,771,383
948,355,964,355,964,375,948,375
1580,355,1664,355,1664,390,1580,390
1186,375,1382,375,1382,410,1186,410
769,386,800,386,804,1211,773,1211
400,423,420,423,420,447,400,447
1273,427,1339,427,1339,464,1273,464
1225,429,1271,429,1271,462,1225,462
1337,429,1386,429,1386,464,1337,464
175,445,184,445,184,451,175,451
167,447,245,447,245,482,167,482
404,462,418,462,418,482,404,482
83,480,153,480,153,513,83,513
167,480,243,480,243,517,167,517
1230,482,1318,482,1318,521,1230,521
1324,484,1384,484,1384,521,1324,521
1580,493,1666,493,1666,528,1580,528
167,515,245,515,245,552,167,552
1357,517,1376,517,1376,544,1357,544
369,521,420,521,420,554,369,554
542,521,614,521,614,554,542,554
42,525,71,525,71,561,42,561
83,532,153,532,153,567,83,567
167,548,243,548,243,585,167,585
1582,552,1666,552,1666,585,1582,585
1271,552,1400,552,1400,735,1271,735
369,556,420,556,420,589,369,589
544,556,614,556,614,589,544,589
1273,556,1310,556,1310,591,1273,591
44,577,73,577,73,624,44,624
73,583,245,583,245,626,73,626
1188,587,1203,587,1203,604,1188,604
400,596,420,596,420,622,400,622
595,598,612,598,612,622,595,622
1646,598,1662,598,1662,616,1646,616
954,606,962,606,962,616,954,616
1176,604,1211,604,1211,672,1176,672
1207,604,1273,604,1273,672,1207,672
75,626,243,626,243,661,75,661
1275,628,1308,628,1308,698,1275,698
44,633,73,633,73,674,44,674
1133,633,1151,633,1151,655,1133,655
400,635,420,635,420,661,400,661
595,635,612,635,612,659,595,659
945,637,975,637,978,1244,948,1244
75,663,245,663,245,700,75,700
1584,663,1668,663,1668,694,1584,694
336,668,421,668,421,705,336,705
528,668,614,668,614,703,528,703
44,688,75,688,75,727,44,727
77,698,246,698,246,735,77,735
350,703,421,703,421,736,350,736
544,703,614,703,614,736,544,736
1275,731,1372,731,1372,766,1275,766
79,733,245,733,245,770,79,770
1646,738,1664,738,1664,758,1646,758
395,740,428,740,432,1248,399,1248
591,740,620,740,620,1246,591,1246
1180,748,1267,748,1267,785,1180,785
1275,762,1372,762,1372,797,1275,797
77,764,243,764,243,799,77,799
1083,768,1155,768,1155,801,1083,801
1180,779,1269,779,1269,816,1180,816
1277,795,1374,795,1374,830,1277,830
79,797,245,797,245,834,79,834
1646,801,1664,801,1664,822,1646,822
1133,803,1151,803,1151,824,1133,824
1186,810,1263,810,1263,845,1186,845
79,832,245,832,245,869,79,869
79,867,245,867,245,904,79,904
1186,900,1295,900,1295,939,1186,939
77,904,244,901,245,937,77,940
1298,906,1324,906,1324,935,1298,935
1365,925,1514,925,1514,976,1365,976
1178,935,1330,935,1330,972,1178,972
73,937,245,937,245,974,73,974
38,954,71,954,71,1092,38,1092
73,970,245,970,245,1007,73,1007
1178,970,1330,970,1330,1007,1178,1007
1139,980,1151,980,1151,997,1139,997
1419,1003,1580,1003,1580,1038,1419,1038
1170,999,1339,999,1339,1186,1170,1186
77,1007,245,1007,245,1044,77,1044
1132,1009,1162,1007,1166,1074,1135,1076
1411,1036,1588,1036,1588,1069,1411,1069
77,1040,245,1040,245,1077,77,1077
1129,1073,1174,1073,1174,1145,1129,1145
1446,1068,1556,1071,1555,1112,1445,1109
1258,1075,1295,1075,1295,1110,1258,1110
77,1075,159,1075,159,1110,77,1110
157,1075,245,1075,245,1110,157,1110
1440,1106,1559,1106,1559,1139,1440,1139
1258,1108,1293,1108,1293,1145,1258,1145
73,1110,116,1110,116,1143,73,1143
213,1112,245,1112,245,1145,213,1145
1135,1147,1172,1147,1172,1176,1135,1176
58,1141,233,1141,233,1180,58,1180
1481,1143,1520,1143,1520,1174,1481,1174
56,1178,229,1178,229,1215,56,1215
1139,1186,1156,1186,1156,1205,1139,1205
1337,1186,1425,1186,1425,1221,1337,1221
1538,1188,1557,1188,1557,1213,1538,1213
1201,1190,1431,1210,1425,1284,1194,1264
54,1211,231,1211,231,1248,54,1248
1139,1221,1156,1221,1156,1240,1139,1240
779,1223,797,1223,797,1242,779,1242
637,1248,655,1248,655,1263,637,1263
449,1252,460,1252,460,1263,449,1263
1086,1248,1158,1248,1158,1281,1086,1281
56,1250,112,1250,112,1285,56,1285
190,1250,229,1250,229,1283,190,1283
519,1250,618,1250,618,1285,519,1285
340,1252,425,1252,425,1285,340,1285
153,1258,180,1258,180,1277,153,1277
960,1261,972,1261,972,1275,960,1275
0,0,0,0,0,0,0,0
785,1263,797,1263,797,1277,785,1277
1432,1285,1658,1282,1659,1320,1433,1323
1213,1285,1394,1285,1394,1322,1213,1322
56,1289,141,1289,141,1326,56,1326
143,1289,229,1289,229,1324,143,1324
402,1293,425,1293,425,1322,402,1322
1295,1320,1512,1320,1512,1359,1295,1359
470,1322,571,1322,571,1361,470,1361
585,1322,684,1322,684,1359,585,1359
847,1322,937,1322,937,1359,847,1359
1081,1322,1191,1322,1191,1359,1081,1359
56,1324,231,1324,231,1363,56,1363
1040,1326,1059,1326,1059,1353,1040,1353
831,1353,1121,1351,1122,1395,832,1398
56,1359,233,1356,233,1394,56,1396
305,1357,596,1357,596,1394,305,1394
1182,1357,1275,1357,1275,1392,1182,1392
1353,1357,1540,1357,1540,1390,1353,1390
698,1359,752,1359,752,1394,698,1394
1584,1359,1678,1359,1678,1394,1584,1394
587,1390,684,1390,684,1431,587,1431
690,1390,787,1390,787,1429,690,1429
1180,1390,1275,1390,1275,1425,1180,1425
1405,1390,1524,1390,1524,1425,1405,1425
1582,1390,1676,1390,1676,1427,1582,1427
56,1392,141,1392,141,1429,56,1429
147,1392,229,1392,229,1427,147,1427
462,1392,585,1392,585,1429,462,1429
793,1392,890,1392,890,1429,793,1429
896,1392,945,1392,945,1427,896,1427
1588,1427,1676,1427,1676,1454,1588,1454
935,1442,1073,1442,1073,1485,935,1485
542,1444,643,1444,643,1483,542,1483
1077,1448,1211,1448,1211,1483,1077,1483
1454,1448,1563,1448,1563,1493,1454,1493
703,1450,836,1450,836,1487,703,1487
89,1495,178,1495,178,1528,89,1528
176,1495,264,1495,264,1528,176,1528
266,1495,355,1495,355,1528,266,1528
357,1495,464,1495,464,1528,357,1528
464,1495,532,1495,532,1526,464,1526
534,1495,641,1495,641,1528,534,1528
643,1495,750,1495,750,1526,643,1526
750,1495,859,1495,859,1526,750,1526
859,1495,933,1495,933,1526,859,1526
35,1499,58,1499,58,1522,35,1522
58,1499,85,1499,85,1524,58,1524
62,1522,95,1522,95,1551,62,1551
95,1520,223,1520,223,1551,95,1551
223,1520,315,1520,315,1553,223,1553
315,1522,344,1522,344,1551,315,1551
344,1524,437,1524,437,1553,344,1553
1225,1526,1606,1526,1606,1582,1225,1582
377,1543,445,1543,445,1576,377,1576
445,1543,573,1543,573,1576,445,1576
624,1543,709,1543,709,1576,624,1576
58,1545,169,1545,169,1576,58,1576
169,1545,237,1545,237,1576,169,1576
237,1545,326,1545,326,1576,237,1576
326,1545,375,1545,375,1578,326,1578
575,1545,620,1545,620,1576,575,1576
711,1545,779,1545,779,1576,711,1576
781,1545,875,1545,875,1578,781,1578
33,1549,56,1549,56,1573,33,1573
1232,1573,1300,1573,1300,1600,1232,1600
1300,1573,1409,1573,1409,1600,1300,1600
1409,1573,1510,1573,1510,1600,1409,1600
1510,1573,1604,1573,1604,1600,1510,1600
