441,37,752,37,752,99,441,99
256,42,281,42,281,92,256,92
316,39,428,39,428,97,316,97
1047,44,1166,44,1166,97,1047,97
855,47,1039,47,1039,97,855,97
1166,47,1423,47,1423,97,1166,97
124,54,244,54,244,92,124,92
767,52,862,52,862,94,767,94
1276,127,1301,127,1301,159,1276,159
129,132,269,132,269,167,129,167
398,132,506,132,506,167,398,167
752,132,850,132,850,164,752,164
1059,132,1244,132,1244,167,1059,167
1276,157,1301,157,1301,281,1276,281
600,172,723,172,723,204,600,204
817,172,942,172,942,204,817,204
1039,172,1064,172,1064,204,1039,204
1074,172,1171,172,1171,206,1074,206
1164,172,1261,172,1261,206,1164,206
149,211,246,211,246,244,149,244
658,211,710,211,710,246,658,246
810,211,907,211,907,244,810,244
949,211,1236,211,1236,246,949,246
162,251,239,251,239,284,162,284
653,251,715,251,715,284,653,284
807,251,905,251,905,284,807,284
1012,251,1169,251,1169,284,1012,284
1316,264,1331,264,1331,276,1316,276
541,291,593,291,593,326,541,326
880,291,954,291,954,326,880,326
1196,291,1338,291,1338,326,1196,326
174,331,226,331,226,364,174,364
433,331,585,331,585,366,433,366
718,339,770,339,770,371,718,371
912,336,1034,336,1034,396,912,396
1084,336,1276,336,1276,401,1084,401
832,341,887,341,887,371,832,371
1448,351,1493,351,1493,383,1448,383
1403,354,1453,354,1453,383,1403,383
693,364,792,364,792,396,693,396
822,364,897,364,897,396,822,396
334,371,568,371,568,406,334,406
600,371,653,371,653,403,600,403
169,411,269,411,269,443,169,443
381,411,448,411,448,446,381,446
491,411,565,411,565,443,491,443
604,414,682,409,684,443,606,447
1087,416,1279,416,1279,481,1087,481
1094,426,1109,426,1109,443,1094,443
1403,431,1491,431,1491,463,1403,463
169,451,266,451,266,486,169,486
371,451,448,451,448,483,371,483
477,453,565,449,567,483,479,487
592,453,680,450,681,484,593,487
191,491,249,491,249,523,191,523
371,491,448,491,448,523,371,523
595,491,683,491,683,526,595,526
486,493,565,493,565,523,486,523
1104,511,1156,511,1156,546,1104,546
1159,511,1236,511,1236,546,1159,546
1236,511,1291,511,1291,546,1236,546
236,531,314,531,314,565,236,565
117,551,206,551,206,585,117,585
236,570,314,570,314,605,236,605
1209,578,1261,578,1261,613,1209,613
1129,578,1226,578,1226,640,1129,640
122,590,196,590,196,623,122,623
1403,590,1491,590,1491,625,1403,625
246,613,301,613,301,643,246,643
134,650,299,650,299,685,134,685
371,650,446,650,446,683,371,683
638,650,680,650,680,683,638,683
1211,650,1264,650,1264,683,1211,683
1446,650,1491,650,1491,683,1446,683
476,653,563,653,563,683,476,683
593,653,643,653,643,680,593,680
1403,653,1451,653,1451,680,1403,680
167,690,266,690,266,725,167,725
1179,690,1299,690,1299,725,1179,725
1079,698,1139,698,1139,757,1079,757
1049,703,1077,703,1077,728,1049,728
62,713,94,713,94,817,62,817
1049,723,1079,723,1079,755,1049,755
157,730,276,730,276,762,157,762
1209,730,1264,730,1264,765,1209,765
1211,770,1264,770,1264,805,1211,805
1403,772,1456,772,1456,802,1403,802
1448,772,1491,772,1491,802,1448,802
1037,810,1323,810,1323,845,1037,845
1171,850,1306,850,1306,885,1171,885
1109,890,1249,890,1249,925,1109,925
1109,930,1249,930,1249,964,1109,964
1141,969,1216,969,1216,1004,1141,1004
1141,1009,1216,1009,1216,1042,1141,1042
1129,1049,1229,1049,1229,1082,1129,1082
1119,1089,1239,1089,1239,1124,1119,1124
132,1129,296,1129,296,1164,132,1164
1129,1129,1229,1129,1229,1164,1129,1164
1149,1166,1291,1166,1291,1201,1149,1201
154,1169,274,1169,274,1204,154,1204
1037,1169,1146,1169,1146,1201,1037,1201
187,1209,239,1209,239,1241,187,1241
62,1214,89,1214,89,1318,62,1318
152,1249,274,1249,274,1284,152,1284
92,1491,147,1491,147,1523,92,1523
149,1491,291,1491,291,1525,149,1525
334,1535,359,1535,359,1558,334,1558
164,1540,216,1540,216,1575,164,1575
590,1548,678,1548,678,1580,590,1580
356,1550,443,1550,443,1583,356,1583
471,1550,516,1550,516,1583,471,1583
516,1550,561,1550,561,1583,516,1583
339,1598,354,1598,354,1610,339,1610
1304,1595,1458,1595,1458,1633,1304,1633
1072,1598,1169,1598,1169,1630,1072,1630
1174,1598,1224,1598,1224,1630,1174,1630
114,1600,189,1600,189,1635,114,1635
191,1600,266,1600,266,1633,191,1633
1244,1645,1398,1645,1398,1680,1244,1680
366,1648,453,1648,453,1683,366,1683
625,1648,745,1648,745,1683,625,1683
920,1648,1062,1648,1062,1680,920,1680
114,1650,269,1650,269,1685,114,1685
466,1650,565,1650,565,1683,466,1683
1211,1650,1231,1650,1231,1675,1211,1675
336,1658,354,1658,354,1678,336,1678
1102,1685,1199,1685,1199,1720,1102,1720
683,1687,877,1687,877,1722,683,1722
1209,1687,1356,1687,1356,1720,1209,1720
109,1690,274,1690,274,1725,109,1725
431,1690,575,1690,575,1722,431,1722
1341,1724,1365,1728,1363,1736,1340,1733
1112,1725,1189,1725,1189,1760,1112,1760
1201,1725,1301,1725,1301,1760,1201,1760
1436,1725,1488,1725,1488,1760,1436,1760
546,1727,668,1727,668,1762,546,1762
114,1730,266,1730,266,1765,114,1765
331,1730,533,1730,533,1762,331,1762
1087,1765,1196,1765,1196,1797,1087,1797
1199,1765,1274,1765,1274,1797,1199,1797
598,1767,680,1767,680,1800,598,1800
735,1767,792,1767,792,1800,735,1800
847,1767,905,1767,905,1800,847,1800
1161,1805,1259,1805,1259,1837,1161,1837
1261,1805,1316,1805,1316,1837,1261,1837
448,1807,578,1807,578,1842,448,1842
1326,1807,1411,1807,1411,1840,1326,1840
962,1825,1510,1825,1510,2201,962,2201
64,1830,748,1830,748,2201,64,2201
728,1845,957,1845,957,1879,728,1879
59,1852,84,1852,84,1877,59,1877
1363,1874,1393,1874,1393,1887,1363,1887
829,1892,964,1888,965,1925,830,1929
733,1892,832,1892,832,1927,733,1927
977,1892,1004,1892,1004,1922,977,1922
872,1937,925,1937,925,1972,872,1972
628,1939,770,1939,770,1974,628,1974
767,1939,822,1939,822,1974,767,1974
820,1939,872,1939,872,1972,820,1972
922,1939,964,1939,964,1969,922,1969
77,1939,159,1939,159,1997,77,1997
598,1942,628,1942,628,1974,598,1974
1370,1964,1480,1960,1481,1989,1371,1993
82,1989,162,1989,162,2022,82,2022
553,2004,949,2004,949,2094,553,2094
977,2009,1002,2009,1002,2039,977,2039
99,2014,152,2014,152,2042,99,2042
84,2037,137,2037,137,2069,84,2069
57,2039,82,2039,82,2066,57,2066
152,2084,206,2084,206,2116,152,2116
695,2101,964,2101,964,2166,695,2166
453,2106,508,2106,508,2139,453,2139
57,2109,82,2109,82,2136,57,2136
608,2199,977,2199,977,2234,608,2234
64,2201,149,2201,149,2236,64,2236
152,2201,276,2201,276,2236,152,2236
276,2201,401,2201,401,2236,276,2236
403,2201,523,2201,523,2234,403,2234
526,2201,603,2201,603,2234,526,2234
