338,20,463,20,463,75,338,75
479,20,603,20,603,78,479,78
616,20,760,20,760,80,616,80
773,20,905,20,905,78,773,78
937,20,1064,20,1064,78,937,78
1062,20,1228,20,1228,75,1062,75
1246,20,1379,20,1379,80,1246,80
905,28,931,28,931,70,905,70
484,78,606,78,606,114,484,114
1043,78,1205,78,1205,117,1043,117
1437,78,1655,78,1655,117,1437,117
609,80,643,80,643,114,609,114
1028,106,1345,106,1345,145,1028,145
843,109,924,109,924,145,843,145
931,109,1028,109,1028,145,931,145
1434,109,1515,109,1515,145,1434,145
1562,111,1663,111,1663,148,1562,148
164,137,234,137,234,166,164,166
942,137,978,137,978,174,942,174
1171,137,1356,137,1356,174,1171,174
1416,137,1671,137,1671,177,1416,177
460,140,669,140,669,174,460,174
994,140,1025,140,1025,171,994,171
122,145,150,145,150,164,122,164
96,164,236,164,236,205,96,205
1168,169,1345,169,1345,208,1168,208
1364,169,1634,169,1634,236,1364,236
952,195,1109,195,1109,234,952,234
1319,197,1358,197,1358,234,1319,234
611,200,635,200,635,223,611,223
169,223,205,223,205,257,169,257
335,223,611,223,611,262,335,262
106,226,143,226,143,260,106,260
1218,229,1481,229,1481,294,1218,294
1457,231,1486,231,1486,257,1457,257
671,239,833,239,833,278,671,278
853,242,1020,242,1020,278,853,278
1049,242,1202,242,1202,278,1049,278
1585,244,1679,244,1679,281,1585,281
315,255,450,255,450,291,315,291
499,255,632,255,632,291,499,291
158,281,195,281,195,374,158,374
78,283,104,283,104,312,78,312
173,279,282,281,278,554,169,553
377,286,471,286,471,320,377,320
575,286,656,286,656,322,575,322
947,286,1028,286,1028,322,947,322
1260,286,1491,286,1491,322,1260,322
1660,296,1676,296,1676,315,1660,315
70,309,158,309,158,465,70,465
119,312,156,312,156,346,119,346
200,312,236,312,236,348,200,348
1260,317,1489,317,1489,351,1260,351
1572,333,1627,333,1627,374,1572,374
1619,330,1681,330,1681,374,1619,374
1283,346,1486,346,1486,380,1283,380
1249,354,1267,354,1267,369,1249,369
1260,373,1461,377,1460,416,1259,412
1457,377,1486,377,1486,408,1457,408
1233,380,1254,380,1254,400,1233,400
1260,406,1293,406,1293,442,1260,442
1361,408,1392,408,1392,439,1361,439
1457,408,1486,408,1486,437,1457,437
1262,437,1299,437,1299,502,1262,502
1304,434,1450,434,1450,505,1304,505
1457,437,1486,437,1486,497,1457,497
31,450,65,450,65,619,31,619
72,473,156,473,156,510,72,510
1569,479,1616,479,1616,520,1569,520
1619,479,1681,479,1681,520,1619,520
1286,497,1486,497,1486,531,1286,531
1267,505,1283,505,1283,520,1267,520
1611,505,1624,505,1624,515,1611,515
59,507,288,507,288,778,59,778
156,518,195,518,195,549,156,549
1265,525,1291,525,1291,554,1265,554
1291,525,1457,525,1457,562,1291,562
1453,526,1488,523,1492,592,1457,595
1265,554,1291,554,1291,585,1265,585
1361,557,1387,557,1387,583,1361,583
153,580,197,580,197,609,153,609
242,580,275,580,275,614,242,614
1319,611,1358,611,1358,645,1319,645
1457,614,1489,614,1489,648,1457,648
1588,616,1627,616,1627,650,1588,650
1629,616,1681,616,1681,650,1629,650
1228,627,1304,627,1304,663,1228,663
1317,637,1492,640,1490,737,1315,734
1239,658,1293,658,1293,695,1239,695
1241,689,1293,689,1293,723,1241,723
1322,702,1356,702,1356,736,1322,736
1572,700,1681,700,1681,739,1572,739
236,731,275,731,275,765,236,765
1226,741,1317,741,1317,781,1226,781
1363,745,1488,741,1489,780,1364,784
1317,747,1369,747,1369,781,1317,781
1655,749,1679,749,1679,778,1655,778
65,752,286,752,286,921,65,921
1223,786,1676,786,1676,853,1223,853
137,817,174,817,174,851,137,851
31,827,62,827,62,989,31,989
1226,848,1366,848,1366,885,1226,885
1317,874,1590,874,1590,950,1317,950
75,905,275,905,275,945,75,945
1226,908,1340,908,1340,945,1226,945
1340,913,1366,913,1366,939,1340,939
26,929,283,929,283,1338,26,1338
1299,937,1330,937,1330,971,1299,971
1223,939,1257,939,1257,1122,1223,1122
1260,939,1296,939,1296,1004,1260,1004
1338,939,1366,939,1366,1028,1338,1028
1384,939,1616,939,1616,976,1384,976
1299,971,1327,971,1327,1028,1299,1028
1387,971,1450,971,1450,1004,1387,1004
1262,999,1291,999,1291,1030,1262,1030
1387,999,1507,999,1507,1036,1387,1036
1260,1025,1332,1025,1332,1064,1260,1064
1338,1028,1364,1028,1364,1062,1338,1062
1384,1028,1478,1028,1478,1096,1384,1096
1338,1056,1371,1056,1371,1093,1338,1093
1262,1059,1332,1059,1332,1088,1262,1088
67,1082,278,1082,278,1119,67,1119
1338,1088,1366,1088,1366,1111,1338,1111
1634,1088,1686,1088,1686,1124,1634,1124
1593,1090,1642,1090,1642,1124,1593,1124
242,1114,275,1114,275,1148,242,1148
137,1114,169,1114,169,1142,137,1142
239,1142,275,1142,275,1179,239,1179
382,1145,473,1145,473,1181,382,1181
580,1145,658,1145,658,1181,580,1181
952,1145,986,1145,986,1181,952,1181
981,1145,1030,1145,1030,1179,981,1179
75,1169,276,1173,275,1211,74,1207
1224,1192,1501,1203,1499,1270,1221,1259
239,1205,273,1205,273,1231,239,1231
887,1202,1207,1202,1207,1301,887,1301
705,1231,861,1231,861,1267,705,1267
374,1233,518,1233,518,1262,374,1262
520,1233,603,1233,603,1265,520,1265
1226,1233,1265,1233,1265,1267,1226,1267
1262,1233,1377,1233,1377,1265,1262,1265
1517,1236,1575,1236,1575,1270,1517,1270
1371,1239,1429,1239,1429,1267,1371,1267
296,1257,518,1257,518,1299,296,1299
512,1260,624,1260,624,1296,512,1296
622,1262,676,1262,676,1296,622,1296
705,1265,736,1265,736,1296,705,1296
1226,1265,1262,1265,1262,1299,1226,1299
1390,1265,1434,1265,1434,1299,1390,1299
1306,1267,1345,1267,1345,1293,1306,1293
1437,1267,1470,1267,1470,1299,1437,1299
1520,1267,1543,1267,1543,1293,1520,1293
835,1273,859,1273,859,1291,835,1291
242,1291,275,1291,275,1327,242,1327
731,1291,760,1291,760,1322,731,1322
137,1293,171,1293,171,1327,137,1327
624,1293,656,1293,656,1325,624,1325
848,1293,879,1293,879,1325,848,1325
1226,1293,1260,1293,1260,1330,1226,1330
1309,1296,1348,1296,1348,1330,1309,1330
1395,1296,1426,1296,1426,1325,1395,1325
528,1296,648,1296,648,1358,528,1358
689,1299,731,1299,731,1335,689,1335
807,1299,846,1299,846,1335,807,1335
1421,1296,1614,1296,1614,1361,1421,1361
1627,1304,1645,1304,1645,1314,1627,1314
36,1314,835,1314,835,1629,36,1629
450,1325,531,1325,531,1358,450,1358
731,1325,916,1325,916,1358,731,1358
913,1325,1012,1325,1012,1358,913,1358
645,1327,736,1327,736,1358,645,1358
1007,1327,1046,1327,1046,1353,1007,1353
1043,1327,1163,1327,1163,1358,1043,1358
1158,1327,1205,1327,1205,1356,1158,1356
1200,1327,1262,1327,1262,1358,1200,1358
1260,1327,1390,1327,1390,1358,1260,1358
1384,1327,1429,1327,1429,1358,1384,1358
1608,1327,1686,1327,1686,1358,1608,1358
33,1335,49,1335,49,1351,33,1351
1179,1351,1361,1351,1361,1384,1179,1384
653,1369,676,1369,676,1397,653,1397
674,1369,786,1369,786,1400,674,1400
781,1369,822,1369,822,1424,781,1424
820,1369,861,1369,861,1403,820,1403
859,1369,903,1369,903,1400,859,1400
898,1369,934,1369,934,1403,898,1403
929,1369,1023,1369,1023,1397,929,1397
1020,1371,1056,1371,1056,1397,1020,1397
1069,1371,1122,1371,1122,1397,1069,1397
1119,1371,1142,1371,1142,1400,1119,1400
1054,1379,1069,1379,1069,1392,1054,1392
1181,1377,1517,1377,1517,1411,1181,1411
1593,1377,1692,1377,1692,1411,1593,1411
1158,1379,1179,1379,1179,1403,1158,1403
1512,1379,1569,1379,1569,1405,1512,1405
1564,1379,1598,1379,1598,1405,1564,1405
192,1390,249,1390,249,1418,192,1418
658,1392,702,1392,702,1424,658,1424
697,1392,734,1392,734,1424,697,1424
728,1392,799,1392,799,1421,728,1421
54,1400,67,1400,67,1416,54,1416
1179,1400,1273,1400,1273,1434,1179,1434
1496,1400,1556,1400,1556,1437,1496,1437
1265,1403,1395,1403,1395,1434,1265,1434
1390,1403,1502,1403,1502,1434,1390,1434
1551,1403,1681,1403,1681,1434,1551,1434
809,1411,1163,1411,1163,1473,809,1473
127,1416,171,1416,171,1442,127,1442
67,1418,88,1418,88,1439,67,1439
1179,1426,1270,1426,1270,1460,1179,1460
1265,1426,1335,1426,1335,1455,1265,1455
1335,1426,1384,1426,1384,1455,1335,1455
1572,1426,1634,1426,1634,1455,1572,1455
1632,1426,1692,1426,1692,1460,1632,1460
1382,1429,1457,1429,1457,1457,1382,1457
1457,1429,1577,1429,1577,1455,1457,1455
1179,1452,1301,1452,1301,1483,1179,1483
1174,1473,1421,1473,1421,1533,1174,1533
1226,1470,1697,1470,1697,1590,1226,1590
1158,1478,1181,1478,1181,1504,1158,1504
458,1499,557,1499,557,1533,458,1533
554,1499,637,1499,637,1535,554,1535
635,1499,676,1499,676,1533,635,1533
731,1499,775,1499,775,1533,731,1533
770,1497,847,1501,845,1537,769,1533
911,1499,1101,1499,1101,1535,911,1535
674,1502,736,1502,736,1530,674,1530
840,1502,916,1502,916,1535,840,1535
1096,1502,1153,1502,1153,1535,1096,1535
33,1507,46,1507,46,1525,33,1525
1025,1525,1239,1525,1239,1580,1025,1580
382,1543,489,1543,489,1575,382,1575
231,1541,1158,1541,1158,1624,231,1624
991,1543,1033,1543,1033,1572,991,1572
1468,1551,1606,1551,1606,1585,1468,1585
1601,1551,1679,1551,1679,1585,1601,1585
1176,1577,1358,1577,1358,1608,1176,1608
1353,1577,1408,1577,1408,1608,1353,1608
1405,1577,1481,1577,1481,1608,1405,1608
1473,1577,1634,1577,1634,1608,1473,1608
