1529,34,1850,34,1850,187,1529,187
1276,44,1505,44,1505,187,1276,187
122,174,242,174,242,221,122,221
320,174,406,174,406,221,320,221
406,167,816,173,815,230,405,224
822,177,965,177,965,228,822,228
1215,191,1576,191,1576,242,1215,242
122,242,331,242,331,290,122,290
563,245,782,249,781,299,562,295
1109,252,1324,252,1324,300,1109,300
1590,252,1870,252,1870,307,1590,307
1034,311,1396,315,1396,362,1033,358
1566,317,1696,317,1696,365,1566,365
1699,317,1890,317,1890,365,1699,365
119,365,331,365,331,413,119,413
542,368,802,368,802,416,542,416
925,372,1112,372,1112,419,925,419
1208,375,1423,375,1423,423,1208,423
1590,378,1870,378,1870,426,1590,426
157,423,300,423,300,471,157,471
965,433,1058,433,1058,477,965,477
1245,433,1389,433,1389,481,1245,481
1549,436,1908,436,1908,488,1549,488
621,477,805,477,805,539,621,539
1099,491,1245,491,1245,539,1099,539
1488,498,1802,498,1802,546,1488,546
122,539,163,539,163,587,122,587
286,542,327,542,327,587,286,587
512,546,720,546,720,597,512,597
815,559,959,559,959,600,815,600
1013,559,1122,559,1122,604,1013,604
1157,563,1334,563,1334,610,1157,610
1396,566,1505,566,1505,610,1396,610
1358,563,1641,563,1641,651,1358,651
1781,587,1942,587,1942,631,1781,631
819,597,962,597,962,645,819,645
1010,597,1122,597,1122,645,1010,645
1208,600,1283,600,1283,645,1208,645
450,604,597,604,597,651,450,651
628,603,772,607,771,656,626,651
146,655,361,655,361,706,146,706
1358,675,1641,675,1641,768,1358,768
1812,703,1949,703,1949,747,1812,747
150,713,358,713,358,761,150,761
146,771,225,771,225,815,146,815
228,774,358,774,358,819,228,819
515,778,610,778,610,819,515,819
692,778,791,778,791,822,692,822
1372,812,1447,812,1447,856,1372,856
1454,812,1628,812,1628,860,1454,860
269,829,382,829,382,877,269,877
92,836,201,836,201,884,92,884
20,866,64,866,64,914,20,914
88,873,201,873,201,921,88,921
273,887,382,887,382,935,273,935
1396,925,1501,925,1501,972,1396,972
1529,928,1600,928,1600,972,1529,972
1809,931,1942,931,1942,976,1809,976
269,945,382,945,382,993,269,993
1256,955,1348,955,1348,1000,1256,1000
88,969,201,969,201,1017,88,1017
269,1003,382,1003,382,1047,269,1047
1252,1013,1297,1013,1297,1058,1252,1058
1286,1013,1351,1013,1351,1058,1286,1058
1471,1013,1518,1013,1518,1061,1471,1061
1604,1013,1641,1013,1641,1058,1604,1058
23,1017,54,1017,54,1051,23,1051
1809,1017,1938,1017,1938,1061,1809,1061
146,1058,358,1058,358,1105,146,1105
1471,1067,1649,1071,1648,1120,1470,1116
1355,1078,1464,1078,1464,1126,1355,1126
129,1116,375,1116,375,1163,129,1163
1351,1116,1396,1116,1396,1163,1351,1163
1419,1119,1464,1119,1464,1163,1419,1163
1604,1126,1645,1126,1645,1177,1604,1177
1467,1129,1512,1129,1512,1174,1467,1174
1604,1177,1641,1177,1641,1232,1604,1232
143,1170,358,1170,358,1218,143,1218
27,1177,51,1177,51,1204,27,1204
1471,1184,1515,1184,1515,1232,1471,1232
1809,1187,1938,1187,1938,1232,1809,1232
146,1232,354,1232,354,1280,146,1280
1361,1245,1631,1245,1631,1286,1361,1286
146,1286,354,1286,354,1334,146,1334
1348,1297,1546,1297,1546,1344,1348,1344
23,1324,51,1324,51,1355,23,1355
143,1344,354,1344,354,1392,143,1392
1235,1355,1348,1355,1348,1399,1235,1399
1392,1355,1600,1355,1600,1402,1392,1402
95,1402,406,1402,406,1450,95,1450
1392,1413,1600,1413,1600,1460,1392,1460
143,1460,354,1460,354,1508,143,1508
1423,1471,1566,1471,1566,1518,1423,1518
1822,1474,1935,1474,1935,1518,1822,1518
95,1515,406,1519,406,1568,95,1564
1467,1529,1611,1529,1611,1576,1467,1576
1617,1532,1693,1532,1693,1580,1617,1580
1699,1532,1843,1532,1843,1580,1699,1580
1437,1542,1457,1542,1457,1563,1437,1563
238,1576,354,1576,354,1624,238,1624
139,1580,187,1580,187,1624,139,1624
17,1614,51,1614,51,1658,17,1658
143,1641,201,1641,201,1686,143,1686
238,1641,354,1641,354,1686,238,1686
17,1682,51,1682,51,1737,17,1737
139,1699,201,1699,201,1744,139,1744
238,1699,351,1699,351,1744,238,1744
139,1754,351,1754,351,1802,139,1802
13,1761,54,1761,54,1819,13,1819
1232,1768,1290,1768,1290,1812,1232,1812
1283,1768,1344,1768,1344,1809,1283,1809
143,1812,218,1812,218,1860,143,1860
218,1812,351,1812,351,1860,218,1860
13,1843,54,1843,54,1890,13,1890
139,1870,187,1870,187,1914,139,1914
235,1873,351,1873,351,1918,235,1918
68,1928,146,1928,146,1972,68,1972
153,1928,361,1928,361,1976,153,1976
61,1981,372,1986,371,2037,60,2032
92,2044,334,2044,334,2092,92,2092
477,2051,600,2051,600,2092,477,2092
655,2051,781,2051,781,2095,655,2095
95,2102,160,2102,160,2146,95,2146
221,2102,337,2102,337,2150,221,2150
477,2119,600,2119,600,2160,477,2160
655,2119,781,2119,781,2164,655,2164
1215,2121,1342,2126,1341,2169,1213,2164
92,2160,204,2160,204,2205,92,2205
221,2160,337,2160,337,2208,221,2208
1358,2170,1566,2170,1566,2218,1358,2218
92,2218,337,2218,337,2266,92,2266
682,2222,836,2222,836,2269,682,2269
846,2222,989,2222,989,2269,846,2269
1061,2225,1170,2225,1170,2273,1061,2273
1211,2225,1389,2225,1389,2273,1211,2273
1426,2225,1672,2225,1672,2276,1426,2276
92,2273,334,2273,334,2321,92,2321
491,2276,703,2280,702,2327,490,2323
771,2280,846,2280,846,2327,771,2327
1006,2283,1184,2283,1184,2331,1006,2331
1358,2283,1573,2283,1573,2331,1358,2331
1652,2286,1871,2290,1870,2336,1651,2331
92,2331,204,2331,204,2379,92,2379
221,2334,334,2334,334,2379,221,2379
419,2334,610,2334,610,2382,419,2382
621,2334,730,2334,730,2382,621,2382
733,2338,798,2338,798,2382,733,2382
1358,2337,1714,2341,1713,2393,1357,2389
1880,2348,1904,2348,1904,2375,1880,2375
494,2447,686,2447,686,2495,494,2495
1440,2454,1587,2454,1587,2501,1440,2501
1590,2457,1665,2457,1665,2501,1590,2501
3,2501,215,2501,215,2573,3,2573
232,2498,416,2498,416,2635,232,2635
375,2505,460,2505,460,2546,375,2546
6,2508,37,2508,37,2539,6,2539
460,2508,522,2508,522,2542,460,2542
409,2508,682,2508,682,2577,409,2577
682,2508,802,2508,802,2549,682,2549
805,2512,914,2512,914,2553,805,2553
914,2512,983,2512,983,2549,914,2549
986,2512,1119,2512,1119,2553,986,2553
1187,2515,1218,2515,1218,2549,1187,2549
1181,2508,1556,2508,1556,2672,1181,2672
1467,2515,1529,2515,1529,2556,1467,2556
1529,2515,1665,2515,1665,2560,1529,2560
1665,2519,1798,2519,1798,2560,1665,2560
1798,2519,1908,2519,1908,2560,1798,2560
201,2532,262,2532,262,2570,201,2570
61,2559,273,2559,273,2631,61,2631
395,2566,477,2566,477,2600,395,2600
481,2566,539,2566,539,2600,481,2600
542,2566,590,2566,590,2600,542,2600
614,2566,798,2566,798,2607,614,2607
798,2566,911,2566,911,2607,798,2607
911,2566,969,2566,969,2611,911,2611
969,2570,1003,2570,1003,2607,969,2607
1006,2570,1167,2570,1167,2611,1006,2611
1184,2570,1215,2570,1215,2604,1184,2604
1440,2570,1549,2570,1549,2607,1440,2607
1634,2566,1836,2566,1836,2641,1634,2641
1546,2564,1887,2572,1883,2733,1542,2725
40,2590,160,2590,160,2628,40,2628
395,2594,430,2594,430,2628,395,2628
457,2594,549,2594,549,2628,457,2628
1187,2597,1344,2597,1344,2631,1187,2631
433,2604,450,2604,450,2618,433,2618
1836,2600,1921,2600,1921,2641,1836,2641
64,2621,256,2621,256,2658,64,2658
283,2618,468,2622,467,2663,282,2658
467,2624,580,2624,580,2665,467,2665
576,2624,641,2624,641,2665,576,2665
638,2624,836,2624,836,2665,638,2665
1181,2621,1355,2621,1355,2693,1181,2693
836,2628,894,2628,894,2669,836,2669
897,2628,959,2628,959,2669,897,2669
959,2628,1020,2628,1020,2669,959,2669
1020,2631,1058,2631,1058,2662,1020,2662
1082,2631,1140,2631,1140,2665,1082,2665
1143,2631,1174,2631,1174,2665,1143,2665
37,2655,64,2655,64,2686,37,2686
71,2655,153,2655,153,2689,71,2689
153,2655,341,2655,341,2696,153,2696
341,2655,399,2655,399,2689,341,2689
1174,2645,1723,2645,1723,2874,1174,2874
1515,2658,1549,2658,1549,2689,1515,2689
1184,2682,1215,2682,1215,2713,1184,2713
1218,2682,1320,2682,1320,2717,1218,2717
-5,2703,591,2657,601,2786,4,2832
1576,2686,1614,2686,1614,2720,1576,2720
1822,2686,1880,2686,1880,2727,1822,2727
71,2689,256,2689,256,2723,71,2723
590,2689,651,2689,651,2730,590,2730
566,2686,887,2686,887,2792,566,2792
3,2717,37,2717,37,2751,3,2751
819,2713,1119,2713,1119,2853,819,2853
1010,2723,1071,2723,1071,2761,1010,2761
996,2723,1157,2723,1157,2792,996,2792
1682,2737,1884,2737,1884,2836,1682,2836
3,2775,44,2775,44,2809,3,2809
235,2771,488,2771,488,2850,235,2850
481,2775,549,2775,549,2846,481,2846
542,2775,829,2775,829,2850,542,2850
1109,2781,1167,2781,1167,2819,1109,2819
1624,2795,1686,2795,1686,2833,1624,2833
1761,2798,1880,2798,1880,2836,1761,2836
6,2802,102,2802,102,2836,6,2836
102,2802,184,2802,184,2843,102,2843
177,2802,235,2802,235,2839,177,2839
1034,2809,1119,2809,1119,2850,1034,2850
1392,2826,1440,2826,1440,2856,1392,2856
1662,2826,1928,2826,1928,2863,1662,2863
1641,2833,1655,2833,1655,2853,1641,2853
3,2860,119,2860,119,2908,3,2908
150,2859,532,2863,532,2914,149,2909
535,2863,713,2863,713,2911,535,2911
119,2870,146,2870,146,2897,119,2897
720,2867,829,2867,829,2914,720,2914
836,2867,914,2867,914,2914,836,2914
918,2866,1249,2870,1249,2919,917,2915
1249,2870,1406,2870,1406,2918,1249,2918
