396,247,531,247,531,309,396,309
546,255,684,255,684,319,546,319
700,261,854,266,853,327,698,322
868,273,1012,273,1012,329,868,329
1012,283,1045,283,1045,329,1012,329
1048,280,1340,286,1338,350,1046,343
1387,286,1535,286,1535,347,1387,347
1160,345,1377,345,1377,414,1160,414
1599,343,1845,347,1844,393,1599,389
132,352,253,352,253,421,132,421
247,357,276,357,276,383,247,383
951,354,1037,361,1034,397,948,391
1038,360,1154,366,1152,405,1036,399
529,371,760,383,758,425,527,412
1152,375,1221,375,1221,414,1152,414
1382,373,1498,378,1496,418,1381,413
1599,380,1689,380,1689,419,1599,419
1753,383,1855,383,1855,421,1753,421
1065,403,1088,403,1088,426,1065,426
1303,403,1512,403,1512,477,1303,477
1571,403,1873,408,1872,484,1570,479
695,444,725,444,725,475,695,475
143,447,176,447,176,483,143,483
217,452,247,452,247,480,217,480
398,462,421,462,421,483,398,483
445,457,758,473,753,571,439,555
1075,465,1106,465,1106,493,1075,493
1112,462,1238,468,1236,507,1110,502
1466,472,1561,472,1561,511,1466,511
1566,472,1617,472,1617,511,1566,511
1625,475,1663,475,1663,511,1625,511
1674,474,1772,478,1770,517,1672,513
371,485,550,494,546,559,367,549
761,486,941,493,939,540,760,533
966,496,1147,508,1144,553,963,541
104,506,201,506,201,710,104,710
1403,506,1663,506,1663,575,1403,575
201,513,237,513,237,613,201,613
1170,511,1341,511,1341,557,1170,557
107,511,345,511,345,983,107,983
1753,521,1880,521,1880,562,1753,562
155,544,194,544,194,580,155,580
250,549,283,549,283,582,250,582
1068,549,1159,553,1157,591,1066,587
1518,569,1661,569,1661,608,1518,608
1466,572,1492,572,1492,595,1466,595
1456,600,1661,600,1661,638,1456,638
1730,610,1883,610,1883,659,1730,659
1472,633,1658,633,1658,669,1472,669
219,641,258,641,258,679,219,679
1482,664,1551,664,1551,697,1482,697
1553,664,1625,664,1625,702,1553,702
1446,667,1469,667,1469,690,1446,690
1627,667,1661,667,1661,702,1627,702
219,672,260,672,260,710,219,710
258,674,293,674,293,713,258,713
60,692,97,691,103,876,65,877
1520,697,1546,697,1546,723,1520,723
1627,697,1661,696,1664,797,1630,798
222,705,260,705,260,746,222,746
104,713,201,713,201,756,104,756
1571,730,1610,730,1610,797,1571,797
1525,733,1548,733,1548,756,1525,756
223,737,298,741,295,781,220,776
204,771,247,771,247,805,204,805
1735,771,1822,771,1822,817,1735,817
1811,771,1886,771,1886,817,1811,817
1548,792,1661,792,1661,828,1548,828
467,812,552,812,552,848,467,848
669,817,759,817,759,856,669,856
1553,820,1666,820,1666,894,1553,894
1489,825,1518,825,1518,853,1489,853
164,834,341,843,339,880,162,871
1078,837,1162,841,1160,880,1076,875
447,840,548,846,546,886,445,880
656,851,759,851,759,891,656,891
1525,856,1553,856,1553,881,1525,881
1075,871,1162,871,1162,909,1075,909
1482,914,1520,914,1520,953,1482,953
1635,917,1668,917,1668,955,1635,955
1765,920,1891,920,1891,958,1765,958
1377,927,1464,927,1464,971,1377,971
1479,945,1671,945,1671,986,1479,986
1392,966,1451,966,1451,1004,1392,1004
115,961,346,967,344,1052,113,1046
1638,981,1671,981,1671,1019,1638,1019
1487,983,1518,983,1518,1014,1487,1014
1395,999,1443,999,1443,1029,1395,1029
1638,1014,1671,1014,1671,1050,1638,1050
1742,1012,1827,1012,1827,1058,1742,1058
1817,1012,1891,1012,1891,1058,1817,1058
1492,1019,1515,1019,1515,1037,1492,1037
120,1031,344,1040,341,1115,117,1105
1382,1055,1482,1055,1482,1101,1382,1101
1482,1058,1538,1058,1538,1101,1482,1101
1535,1058,1673,1058,1673,1101,1535,1101
122,1068,189,1068,189,1106,122,1106
304,1075,342,1075,342,1109,304,1109
122,1101,186,1101,186,1139,122,1139
194,1104,230,1104,230,1142,194,1142
247,1104,291,1104,291,1144,247,1144
306,1109,342,1109,342,1144,306,1144
1385,1106,1903,1106,1903,1183,1385,1183
74,1116,99,1116,99,1147,74,1147
120,1134,191,1134,191,1175,120,1175
191,1137,232,1137,232,1175,191,1175
247,1137,291,1137,291,1178,247,1178
120,1142,345,1142,345,1213,120,1213
71,1160,107,1160,107,1196,71,1196
1385,1173,1541,1173,1541,1216,1385,1216
1267,1201,1374,1201,1374,1242,1267,1242
122,1206,199,1206,199,1244,122,1244
74,1208,107,1208,107,1249,74,1249
117,1201,352,1201,352,1326,117,1326
1487,1206,1793,1206,1793,1285,1487,1285
1418,1242,1543,1242,1543,1280,1418,1280
1397,1254,1415,1254,1415,1270,1397,1270
74,1254,109,1254,109,1298,74,1298
1428,1275,1505,1275,1505,1313,1428,1313
1561,1270,1840,1270,1840,1385,1561,1385
1510,1280,1546,1280,1546,1313,1510,1313
125,1311,163,1311,163,1349,125,1349
1472,1311,1507,1311,1507,1349,1472,1349
1512,1311,1546,1311,1546,1351,1512,1351
1431,1313,1464,1313,1464,1349,1431,1349
311,1318,347,1318,347,1354,311,1354
74,1335,351,1339,350,1426,72,1422
1431,1346,1459,1346,1459,1372,1431,1372
1474,1346,1505,1346,1505,1380,1474,1380
1515,1346,1546,1346,1546,1382,1515,1382
71,1372,119,1371,124,1711,76,1712
1569,1372,1671,1372,1671,1415,1569,1415
1474,1380,1507,1380,1507,1418,1474,1418
1515,1380,1548,1380,1548,1420,1515,1420
1433,1385,1461,1385,1461,1413,1433,1413
117,1408,348,1416,347,1460,116,1452
1569,1408,1653,1408,1653,1449,1569,1449
1518,1413,1551,1413,1551,1454,1518,1454
1400,1418,1418,1418,1418,1446,1400,1446
1477,1415,1507,1415,1507,1446,1477,1446
1436,1423,1461,1423,1461,1446,1436,1446
1518,1449,1551,1449,1551,1482,1518,1482
1789,1447,1912,1451,1911,1492,1787,1488
199,1454,232,1454,232,1484,199,1484
316,1456,347,1456,347,1495,316,1495
1397,1464,1420,1464,1420,1482,1397,1482
0,0,0,0,0,0,0,0
457,1481,565,1484,564,1529,456,1526
314,1489,347,1489,347,1528,314,1528
664,1489,771,1489,771,1533,664,1533
1075,1505,1178,1505,1178,1543,1075,1543
1275,1505,1385,1505,1385,1548,1275,1548
125,1523,166,1523,166,1561,125,1561
173,1523,212,1523,212,1558,173,1558
314,1525,350,1525,350,1566,314,1566
219,1525,306,1525,306,1564,219,1564
316,1566,350,1566,350,1597,316,1597
1393,1576,1702,1586,1701,1634,1391,1625
117,1591,350,1594,349,1644,116,1640
1783,1597,1806,1597,1806,1620,1783,1620
462,1602,521,1602,521,1638,462,1638
549,1602,595,1602,595,1640,549,1640
623,1607,715,1607,715,1643,623,1643
822,1604,996,1604,996,1650,822,1650
523,1615,546,1615,546,1627,523,1627
600,1615,618,1615,618,1630,600,1630
1111,1610,1285,1610,1285,1656,1111,1656
1397,1618,1630,1622,1630,1661,1397,1658
1633,1625,1702,1625,1702,1663,1633,1663
1699,1627,1791,1627,1791,1666,1699,1666
125,1630,352,1630,352,1676,125,1676
373,1633,621,1633,621,1679,373,1679
615,1638,738,1638,738,1681,615,1681
736,1640,797,1640,797,1681,736,1681
822,1645,861,1645,861,1684,822,1684
1024,1645,1203,1645,1203,1689,1024,1689
1196,1648,1377,1648,1377,1694,1196,1694
963,1653,996,1653,996,1684,963,1684
1380,1658,1438,1658,1438,1696,1380,1696
1441,1661,1533,1661,1533,1694,1441,1694
1584,1661,1673,1661,1673,1699,1584,1699
1727,1663,1765,1663,1765,1699,1727,1699
1535,1671,1561,1671,1561,1696,1535,1696
199,1673,232,1673,232,1699,199,1699
316,1673,350,1673,350,1707,316,1707
664,1673,774,1673,774,1717,664,1717
807,1676,853,1676,853,1717,807,1717
941,1679,1021,1684,1018,1724,938,1719
861,1686,884,1686,884,1704,861,1704
1395,1691,1436,1691,1436,1732,1395,1732
1441,1694,1533,1694,1533,1735,1441,1735
1630,1691,1778,1691,1778,1737,1630,1737
1587,1696,1633,1696,1633,1735,1587,1735
89,1707,270,1707,270,1837,89,1837
224,1709,332,1709,332,1778,224,1778
319,1709,398,1709,398,1781,319,1781
388,1714,437,1714,437,1750,388,1750
408,1712,557,1712,557,1781,408,1781
76,1717,97,1717,97,1742,76,1742
552,1717,638,1717,638,1753,552,1753
636,1719,718,1719,718,1755,636,1755
715,1719,764,1719,764,1755,715,1755
761,1719,863,1719,863,1758,761,1758
858,1722,909,1722,909,1758,858,1758
904,1721,1061,1725,1060,1763,904,1760
1058,1727,1206,1727,1206,1763,1058,1763
1203,1730,1249,1730,1249,1765,1203,1765
1247,1730,1328,1730,1328,1765,1247,1765
1346,1732,1380,1732,1380,1765,1346,1765
1372,1732,1454,1732,1454,1768,1372,1768
1449,1730,1538,1730,1538,1771,1449,1771
1326,1735,1349,1735,1349,1760,1326,1760
1533,1735,1584,1735,1584,1771,1533,1771
1579,1735,1627,1735,1627,1771,1579,1771
1622,1737,1732,1737,1732,1773,1622,1773
1730,1740,1834,1740,1834,1776,1730,1776
281,1742,329,1742,329,1776,281,1776
388,1742,414,1742,414,1773,388,1773
1832,1742,1916,1742,1916,1778,1832,1778
1346,1763,1436,1763,1436,1799,1346,1799
1456,1763,1551,1763,1551,1799,1456,1799
1433,1765,1461,1765,1461,1796,1433,1796
115,1768,166,1768,166,1801,115,1801
273,1768,434,1768,434,1837,273,1837
416,1771,467,1771,467,1804,416,1804
462,1771,549,1771,549,1804,462,1804
503,1765,812,1765,812,1896,503,1896
102,1776,120,1776,120,1791,102,1791
728,1773,774,1773,774,1809,728,1809
797,1773,917,1773,917,1811,797,1811
771,1776,797,1776,797,1809,771,1809
914,1778,958,1778,958,1814,914,1814
955,1778,1001,1778,1001,1814,955,1814
996,1778,1047,1778,1047,1814,996,1814
1040,1778,1083,1778,1083,1814,1040,1814
1075,1781,1180,1781,1180,1817,1075,1817
1175,1781,1216,1781,1216,1814,1175,1814
1229,1783,1288,1783,1288,1817,1229,1817
1282,1783,1308,1783,1308,1817,1282,1817
1211,1788,1231,1788,1231,1809,1211,1809
102,1794,166,1794,166,1832,102,1832
1326,1794,1351,1794,1351,1824,1326,1824
1351,1792,1732,1796,1732,1835,1351,1830
273,1796,327,1796,327,1832,273,1832
429,1799,513,1799,513,1834,429,1834
549,1799,580,1799,580,1834,549,1834
1725,1798,1792,1801,1791,1836,1723,1832
736,1801,782,1801,782,1837,736,1837
779,1801,828,1801,828,1834,779,1834
1783,1801,1824,1801,1824,1834,1783,1834
1817,1801,1919,1801,1919,1840,1817,1840
820,1804,879,1804,879,1834,820,1834
876,1804,932,1804,932,1837,876,1837
927,1804,955,1804,955,1837,927,1837
219,1735,582,1963,441,2187,78,1959
117,1824,191,1824,191,1857,117,1857
186,1824,237,1824,237,1857,186,1857
342,1824,403,1824,403,1860,342,1860
1351,1824,1454,1824,1454,1860,1351,1860
1449,1824,1592,1824,1592,1863,1449,1863
385,1809,581,1867,558,1946,361,1888
452,1827,503,1827,503,1860,452,1860
1589,1827,1653,1827,1653,1863,1589,1863
802,1829,848,1829,848,1865,802,1865
840,1823,1204,1829,1203,1902,839,1896
1648,1829,1714,1829,1714,1865,1648,1865
1709,1829,1776,1829,1776,1868,1709,1868
1771,1832,1837,1832,1837,1868,1771,1868
1179,1830,1337,1837,1334,1905,1176,1899
1829,1834,1914,1834,1914,1870,1829,1870
143,1852,189,1852,189,1888,143,1888
700,1855,779,1855,779,1891,700,1891
1349,1855,1454,1855,1454,1891,1349,1891
779,1857,874,1857,874,1893,779,1893
1448,1857,1584,1857,1584,1891,1448,1891
1581,1860,1666,1860,1666,1893,1581,1893
1668,1863,1801,1863,1801,1896,1668,1896
1249,1865,1328,1865,1328,1901,1249,1901
1796,1865,1824,1865,1824,1896,1796,1896
1819,1865,1865,1865,1865,1901,1819,1901
1860,1865,1926,1865,1926,1901,1860,1901
360,1880,406,1880,406,1916,360,1916
401,1880,467,1880,467,1919,401,1919
1349,1886,1489,1886,1489,1924,1349,1924
117,1911,143,1911,143,1937,117,1937
393,1911,457,1911,457,1942,393,1942
1328,1916,1431,1916,1431,1952,1328,1952
1426,1919,1627,1919,1627,1957,1426,1957
1622,1921,1671,1921,1671,1960,1622,1960
1666,1921,1735,1921,1735,1957,1666,1957
1727,1918,1815,1922,1814,1963,1726,1959
1809,1926,1924,1926,1924,1962,1809,1962
76,1937,97,1937,97,1967,76,1967
91,1931,227,1931,227,2003,91,2003
516,1937,564,1937,564,1975,516,1975
557,1937,669,1937,669,1975,557,1975
661,1934,759,1934,759,1975,661,1975
753,1939,802,1939,802,1975,753,1975
797,1939,866,1939,866,1975,797,1975
858,1937,909,1937,909,1975,858,1975
899,1937,989,1937,989,1978,899,1978
983,1939,1065,1939,1065,1978,983,1978
1058,1939,1267,1939,1267,1983,1058,1983
1259,1944,1326,1944,1326,1983,1259,1983
1351,1944,1438,1944,1438,1985,1351,1985
1431,1949,1466,1949,1466,1983,1431,1983
1461,1949,1510,1949,1510,1985,1461,1985
1500,1947,1610,1947,1610,1988,1500,1988
1602,1947,1792,1952,1791,1995,1601,1990
1786,1955,1888,1955,1888,1993,1786,1993
1883,1960,1926,1960,1926,1995,1883,1995
337,1965,388,1965,388,2001,337,2001
1354,1980,1423,1980,1423,2016,1354,2016
1415,1975,1552,1978,1551,2019,1414,2016
1543,1980,1612,1980,1612,2021,1543,2021
1607,1985,1719,1985,1719,2021,1607,2021
1717,1985,1768,1985,1768,2024,1717,2024
1760,1985,1901,1985,1901,2026,1760,2026
89,1988,250,1988,250,2093,89,2093
431,1993,480,1993,480,2029,431,2029
475,1993,592,1993,592,2029,475,2029
587,1993,636,1993,636,2031,587,2031
452,1985,830,1989,829,2093,451,2089
393,1995,439,1995,439,2029,393,2029
815,1990,1058,1990,1058,2095,815,2095
79,2001,94,2001,94,2024,79,2024
1024,1995,1193,1995,1193,2064,1024,2064
1183,1993,1259,1993,1259,2067,1183,2067
1152,2001,1198,2001,1198,2034,1152,2034
1249,2001,1331,2001,1331,2039,1249,2039
1357,2011,1423,2011,1423,2047,1357,2047
1421,2007,1623,2013,1622,2056,1419,2049
1617,2016,1643,2016,1643,2049,1617,2049
1640,2016,1691,2016,1691,2054,1640,2054
1684,2013,1750,2013,1750,2054,1684,2054
1748,2018,1837,2018,1837,2057,1748,2057
1829,2021,1916,2021,1916,2057,1829,2057
173,2024,255,2024,255,2059,173,2059
414,2024,460,2024,460,2059,414,2059
756,2024,820,2024,820,2059,756,2059
812,2021,858,2021,858,2062,812,2062
1022,2024,1134,2024,1134,2095,1022,2095
1244,2029,1331,2029,1331,2067,1244,2067
1354,2040,1500,2044,1499,2084,1353,2080
1505,2047,1561,2047,1561,2080,1505,2080
1556,2047,1617,2047,1617,2085,1556,2085
1612,2047,1696,2047,1696,2085,1612,2085
242,2049,311,2049,311,2087,242,2087
1686,2047,1865,2047,1865,2090,1686,2090
411,2052,460,2052,460,2085,411,2085
454,2052,503,2052,503,2087,454,2087
784,2052,833,2052,833,2090,784,2090
393,2054,416,2054,416,2082,393,2082
963,2054,1029,2054,1029,2090,963,2090
