1249,68,1555,36,1564,115,1257,147
774,56,1104,59,1103,133,773,130
631,69,771,69,771,138,631,138
1101,66,1254,66,1254,138,1101,138
470,76,626,76,626,145,470,145
1658,109,1863,109,1863,155,1658,155
588,143,732,133,735,178,591,188
1147,134,1293,138,1292,182,1146,178
184,135,335,140,334,183,182,178
1661,161,1750,161,1750,204,1661,204
1745,161,1857,161,1857,207,1745,207
1073,183,1370,186,1369,225,1073,222
1571,209,1891,209,1891,258,1571,258
950,224,1022,224,1022,265,950,265
557,240,763,225,766,270,560,285
1239,232,1385,232,1385,276,1239,276
181,232,335,238,334,280,180,275
1635,260,1827,260,1827,296,1635,296
955,273,1009,273,1009,306,955,306
197,276,321,282,318,327,194,321
1282,278,1344,278,1344,319,1282,319
1589,304,1753,304,1753,347,1589,347
705,319,769,319,769,362,705,362
1165,319,1252,319,1252,360,1165,360
1449,356,1566,351,1568,395,1452,401
1566,355,1627,355,1627,393,1566,393
557,377,730,365,733,410,560,422
868,370,904,370,904,408,868,408
943,370,976,370,976,403,943,403
1070,373,1160,373,1160,411,1070,411
186,378,214,378,214,411,186,411
1231,375,1372,375,1372,419,1231,419
299,380,334,380,334,416,299,416
1811,385,1934,385,1934,426,1811,426
1427,399,1652,386,1654,426,1429,438
866,403,978,403,978,444,866,444
1070,408,1160,408,1160,447,1070,447
1239,411,1275,411,1275,449,1239,449
663,416,804,412,805,457,664,460
1336,416,1369,416,1369,449,1336,449
481,426,620,420,622,466,483,472
1442,429,1640,423,1641,470,1444,476
1837,462,1937,462,1937,498,1837,498
1432,471,1645,465,1646,502,1433,507
728,470,817,470,817,508,728,508
983,470,1006,470,1006,495,983,495
212,472,383,472,383,516,212,516
1180,477,1196,477,1196,498,1180,498
562,477,633,477,633,516,562,516
1367,480,1385,480,1385,503,1367,503
1512,503,1602,503,1602,549,1512,549
1599,503,1661,503,1661,546,1599,546
1451,506,1512,506,1512,549,1451,549
728,516,817,516,817,554,728,554
1916,518,1929,518,1929,536,1916,536
1288,518,1387,518,1387,557,1288,557
214,521,329,521,329,562,214,562
989,523,1004,523,1004,539,989,539
1428,523,1443,523,1443,541,1428,541
549,523,633,523,633,562,549,562
1180,526,1196,526,1196,544,1180,544
345,526,383,526,383,564,345,564
1569,546,1633,546,1633,590,1569,590
1479,549,1571,549,1571,592,1479,592
728,564,817,564,817,600,728,600
212,568,384,572,383,610,211,605
546,572,633,572,633,610,546,610
1837,580,1937,580,1937,615,1837,615
1538,590,1584,590,1584,623,1538,623
1495,592,1533,592,1533,621,1495,621
741,610,815,610,815,646,741,646
342,613,431,613,431,656,342,656
562,618,631,618,631,654,562,654
168,618,273,618,273,661,168,661
1638,626,1671,626,1671,664,1638,664
1525,628,1564,628,1564,664,1525,664
1916,636,1932,636,1932,656,1916,656
1420,649,1482,649,1482,792,1420,792
181,656,270,656,270,695,181,695
743,656,815,656,815,695,743,695
342,661,431,661,431,702,342,702
562,664,631,664,631,702,562,702
1527,673,1668,668,1669,712,1528,717
1837,677,1937,677,1937,713,1837,713
728,702,815,702,815,741,728,741
342,707,431,707,431,748,342,748
545,713,630,709,632,747,547,750
1635,720,1673,720,1673,807,1635,807
1525,723,1561,723,1561,807,1525,807
1914,733,1929,733,1929,753,1914,753
178,730,273,730,273,774,178,774
728,751,812,751,812,787,728,787
1311,753,1385,753,1385,789,1311,789
342,753,431,753,431,794,342,794
544,759,631,759,631,794,544,794
1178,761,1188,761,1188,776,1178,776
1834,771,1932,771,1932,807,1834,807
789,797,812,797,812,825,789,825
212,797,380,797,380,840,212,840
610,807,626,807,626,828,610,828
58,810,125,810,125,851,58,851
1553,830,1681,830,1681,868,1553,868
1397,830,1502,830,1502,871,1397,871
1497,830,1553,830,1553,868,1497,868
61,845,125,845,125,884,61,884
199,848,391,848,391,891,199,891
794,858,810,858,810,876,794,876
713,891,812,891,812,930,713,930
1282,894,1382,894,1382,930,1282,930
207,897,380,897,380,940,207,940
544,899,631,899,631,935,544,935
1740,927,1888,927,1888,971,1740,971
1461,930,1612,930,1612,973,1461,973
738,935,812,935,812,971,738,971
558,940,631,937,632,973,559,977
204,937,388,937,388,981,204,981
1364,945,1377,945,1377,960,1364,960
1456,976,1620,976,1620,1019,1456,1019
1686,978,1860,978,1860,1014,1686,1014
204,983,385,983,385,1027,204,1027
789,994,807,994,807,1014,789,1014
610,996,626,996,626,1019,610,1019
1451,1027,1620,1027,1620,1070,1451,1070
1689,1029,1796,1029,1796,1068,1689,1068
199,1035,388,1035,388,1078,199,1078
1553,1078,1668,1078,1668,1121,1553,1121
1666,1078,1781,1078,1781,1121,1666,1121
173,1086,418,1082,419,1126,173,1131
986,1093,996,1093,996,1111,986,1111
1431,1127,1576,1127,1576,1170,1431,1170
201,1134,388,1134,388,1178,201,1178
1433,1173,1574,1173,1574,1216,1433,1216
153,1178,434,1178,434,1224,153,1224
792,1188,807,1188,807,1211,792,1211
608,1190,623,1190,623,1211,608,1211
1433,1219,1574,1219,1574,1265,1433,1265
212,1224,378,1224,378,1267,212,1267
707,1226,812,1226,812,1265,707,1265
526,1229,626,1229,626,1265,526,1265
986,1236,994,1236,994,1252,986,1252
1428,1265,1576,1265,1576,1311,1428,1311
204,1272,391,1272,391,1311,204,1311
608,1282,621,1282,621,1303,608,1303
787,1280,807,1280,807,1303,787,1303
983,1282,999,1282,999,1303,983,1303
61,1305,125,1305,125,1341,61,1341
1431,1311,1574,1311,1574,1354,1431,1354
204,1318,388,1318,388,1357,204,1357
983,1328,996,1328,996,1349,983,1349
58,1336,125,1336,125,1377,58,1377
1431,1357,1571,1357,1571,1400,1431,1400
204,1362,385,1362,385,1405,204,1405
1295,1367,1382,1367,1382,1403,1295,1403
792,1380,805,1380,805,1395,792,1395
1438,1405,1566,1405,1566,1446,1438,1446
214,1410,380,1410,380,1448,214,1448
1617,1410,1684,1410,1684,1443,1617,1443
789,1423,805,1423,805,1443,789,1443
1362,1423,1377,1423,1377,1438,1362,1438
608,1426,618,1426,618,1441,608,1441
187,1464,377,1455,379,1492,189,1501
1589,1456,1740,1456,1740,1495,1589,1495
138,1461,176,1461,176,1497,138,1497
787,1472,805,1472,805,1495,787,1495
70,1507,436,1499,437,1545,71,1553
1395,1546,1553,1546,1553,1581,1395,1581
1553,1546,1661,1546,1661,1579,1553,1579
1658,1546,1730,1546,1730,1579,1658,1579
1725,1546,1778,1546,1778,1579,1725,1579
1773,1546,1932,1546,1932,1579,1773,1579
204,1551,370,1551,370,1594,204,1594
140,1558,209,1558,209,1597,140,1597
1602,1571,1926,1571,1926,1607,1602,1607
1395,1574,1466,1574,1466,1610,1395,1610
1466,1574,1553,1574,1553,1610,1466,1610
1551,1574,1602,1574,1602,1607,1551,1607
131,1606,377,1597,379,1642,133,1651
1512,1602,1607,1602,1607,1638,1512,1638
1392,1604,1420,1604,1420,1635,1392,1635
1420,1604,1518,1604,1518,1638,1420,1638
1714,1610,1929,1610,1929,1663,1714,1663
1561,1621,1831,1629,1829,1702,1559,1693
1456,1630,1571,1630,1571,1666,1456,1666
1408,1633,1459,1633,1459,1666,1408,1666
144,1653,365,1647,366,1692,145,1698
1818,1658,1936,1652,1938,1687,1820,1694
1438,1661,1576,1657,1577,1692,1439,1696
1395,1661,1443,1661,1443,1694,1395,1694
608,1671,621,1671,621,1686,608,1686
1392,1689,1566,1685,1567,1719,1392,1723
327,1702,365,1702,365,1737,327,1737
148,1707,209,1707,209,1745,148,1745
529,1707,626,1707,626,1745,529,1745
1206,1707,1231,1707,1231,1732,1206,1732
1279,1712,1379,1709,1381,1746,1280,1750
1014,1712,1042,1712,1042,1740,1014,1740
1719,1712,1857,1712,1857,1750,1719,1750
1855,1712,1932,1712,1932,1748,1855,1748
702,1714,805,1714,805,1750,702,1750
822,1717,840,1717,840,1735,822,1735
1165,1714,1188,1714,1188,1745,1165,1745
1454,1712,1735,1712,1735,1778,1454,1778
1408,1717,1459,1717,1459,1750,1408,1750
971,1719,1001,1719,1001,1753,971,1753
1484,1742,1535,1742,1535,1776,1484,1776
1392,1745,1489,1745,1489,1778,1392,1778
162,1752,347,1744,349,1788,164,1796
1183,1755,1305,1755,1305,1796,1183,1796
600,1760,623,1760,623,1788,600,1788
863,1758,1045,1758,1045,1801,863,1801
1666,1765,1783,1765,1783,1814,1666,1814
1451,1757,1943,1771,1937,1988,1445,1973
1778,1768,1929,1768,1929,1804,1778,1804
1392,1773,1461,1773,1461,1806,1392,1806
161,1803,346,1793,349,1838,164,1848
1502,1799,1551,1799,1551,1834,1502,1834
575,1796,793,1807,791,1852,573,1842
1392,1801,1502,1801,1502,1834,1392,1834
1070,1804,1262,1801,1263,1847,1070,1851
797,1809,912,1809,912,1852,797,1852
925,1809,1063,1809,1063,1855,925,1855
1390,1829,1558,1829,1558,1863,1390,1863
478,1842,648,1852,645,1890,476,1880
151,1852,354,1842,356,1886,153,1896
679,1852,741,1852,741,1896,679,1896
1175,1856,1351,1853,1352,1891,1175,1894
1392,1857,1515,1857,1515,1891,1392,1891
1515,1857,1617,1857,1617,1891,1515,1891
1012,1857,1129,1857,1129,1901,1012,1901
820,1860,940,1860,940,1903,820,1903
1392,1886,1640,1886,1640,1921,1392,1921
1226,1888,1349,1888,1349,1942,1226,1942
473,1888,617,1895,615,1940,471,1934
166,1901,343,1888,346,1933,169,1946
613,1898,674,1898,674,1942,613,1942
672,1900,760,1904,758,1948,670,1944
1142,1903,1229,1903,1229,1949,1142,1949
756,1908,849,1912,848,1950,754,1945
1027,1909,1116,1909,1116,1949,1027,1949
1392,1914,1492,1914,1492,1949,1392,1949
1489,1914,1561,1914,1561,1949,1489,1949
1558,1914,1673,1914,1673,1949,1558,1949
1799,1937,1931,1937,1931,1972,1799,1972
1223,1938,1389,1934,1390,1995,1224,1999
534,1940,622,1945,620,1984,532,1979
1392,1942,1487,1942,1487,1978,1392,1978
1484,1942,1558,1942,1558,1978,1484,1978
1558,1942,1668,1942,1668,1978,1558,1978
628,1947,690,1947,690,1988,628,1988
695,1949,761,1949,761,1993,695,1993
1702,1965,1850,1965,1850,2001,1702,2001
1845,1965,1916,1965,1916,1998,1845,1998
1489,1970,1704,1970,1704,2006,1489,2006
1395,1972,1446,1972,1446,2006,1395,2006
1441,1972,1492,1972,1492,2006,1441,2006
355,1975,480,1975,480,2013,355,2013
296,1978,357,1978,357,2016,296,2016
464,1972,611,1979,607,2054,460,2046
107,1988,298,1977,300,2019,110,2030
598,1985,692,1985,692,2024,598,2024
688,1986,793,1992,791,2034,685,2028
76,1993,112,1993,112,2026,76,2026
1688,1998,1857,1991,1859,2027,1689,2034
1852,1993,1921,1993,1921,2026,1852,2026
51,1998,76,1998,76,2026,51,2026
789,1998,822,1998,822,2034,789,2034
817,1995,927,1995,927,2036,817,2036
1395,1998,1576,1998,1576,2034,1395,2034
1620,1998,1691,1998,1691,2031,1620,2031
1574,2001,1625,2001,1625,2031,1574,2031
77,2022,464,2001,466,2041,79,2062
603,2013,740,2023,738,2061,601,2051
1262,2021,1377,2021,1377,2059,1262,2059
1745,2021,1919,2021,1919,2057,1745,2057
1183,2021,1267,2021,1267,2062,1183,2062
51,2026,76,2026,76,2054,51,2054
738,2026,794,2026,794,2062,738,2062
1083,2026,1188,2026,1188,2064,1083,2064
1571,2026,1622,2026,1622,2062,1571,2062
1617,2026,1696,2026,1696,2062,1617,2062
1691,2026,1750,2026,1750,2059,1691,2059
792,2027,928,2031,927,2069,791,2064
999,2026,1144,2026,1144,2103,999,2103
1395,2029,1420,2029,1420,2057,1395,2057
1426,2029,1525,2029,1525,2062,1426,2062
1523,2029,1574,2029,1574,2062,1523,2062
922,2029,1006,2029,1006,2070,922,2070
49,2054,499,2029,502,2069,51,2095
498,2039,564,2039,564,2075,498,2075
562,2042,664,2049,661,2086,560,2079
1804,2049,1921,2049,1921,2085,1804,2085
1735,2052,1809,2052,1809,2085,1735,2085
659,2050,845,2060,843,2099,657,2089
1581,2054,1671,2054,1671,2090,1581,2090
1666,2054,1737,2054,1737,2087,1666,2087
1395,2057,1466,2057,1466,2093,1395,2093
1461,2057,1515,2057,1515,2090,1461,2090
1512,2057,1584,2057,1584,2093,1512,2093
840,2062,897,2062,897,2100,840,2100
897,2064,1001,2064,1001,2100,897,2100
265,2067,421,2067,421,2105,265,2105
421,2067,477,2067,477,2103,421,2103
475,2070,552,2070,552,2105,475,2105
550,2070,646,2077,643,2116,547,2110
47,2086,265,2074,267,2113,49,2125
644,2082,695,2082,695,2118,644,2118
695,2081,916,2093,914,2136,693,2124
908,2090,1369,2076,1370,2123,910,2137
1392,2085,1443,2085,1443,2121,1392,2121
1441,2085,1541,2085,1541,2121,1441,2121
269,2101,439,2094,440,2133,271,2140
437,2098,544,2098,544,2136,437,2136
544,2101,643,2107,641,2145,542,2139
49,2114,275,2103,277,2142,51,2153
641,2110,700,2110,700,2149,641,2149
698,2112,868,2127,865,2167,695,2153
942,2125,1277,2111,1279,2155,943,2169
1275,2116,1357,2116,1357,2156,1275,2156
1357,2118,1390,2118,1390,2154,1357,2154
863,2123,948,2123,948,2164,863,2164
139,2137,446,2124,448,2165,140,2178
444,2128,495,2128,495,2162,444,2162
490,2128,567,2128,567,2172,490,2172
565,2132,878,2158,875,2200,562,2174
49,2147,142,2142,144,2181,51,2186
