1800,87,2176,10,2185,56,1809,134
1816,127,2047,87,2055,133,1824,173
1819,167,2160,107,2167,150,1826,209
61,130,155,130,155,166,61,166
54,123,430,129,429,225,52,219
856,140,993,134,995,177,859,183
996,138,1183,138,1183,176,996,176
1178,138,1288,138,1288,176,1178,176
677,138,838,138,838,181,677,181
1288,140,1523,140,1523,178,1288,178
2018,165,2162,141,2170,188,2026,213
1527,179,1734,155,1738,192,1532,217
1298,168,1354,168,1354,207,1298,207
1507,176,1523,176,1523,199,1507,199
482,176,636,176,636,212,482,212
1359,176,1400,176,1400,199,1359,199
1236,178,1280,178,1280,204,1236,204
1198,184,1219,184,1219,201,1198,201
1785,198,1969,181,1973,226,1790,243
66,189,86,189,86,207,66,207
2058,202,2163,185,2167,213,2063,230
1525,210,1734,188,1738,227,1529,248
1086,209,1221,209,1221,240,1086,240
1244,209,1403,209,1403,245,1244,245
1418,212,1487,212,1487,245,1418,245
1827,239,1972,213,1979,252,1834,278
194,219,419,219,419,247,194,247
1477,241,1739,219,1744,281,1482,303
1934,255,2103,226,2110,266,1941,294
63,247,81,247,81,268,63,268
776,242,976,239,976,273,777,277
488,242,633,242,633,276,488,276
1116,242,1198,242,1198,270,1116,270
1295,242,1400,242,1400,276,1295,276
196,247,314,247,314,273,196,273
324,247,419,247,419,281,324,281
1791,247,1824,247,1824,281,1791,281
1597,258,1658,258,1658,286,1597,286
2144,258,2169,258,2169,291,2144,291
1864,268,1938,255,1944,292,1870,305
1081,265,1142,265,1142,296,1081,296
1219,265,1277,265,1277,299,1219,299
437,270,564,270,564,304,437,304
1832,268,1972,268,1972,339,1832,339
196,278,219,278,219,301,196,301
299,281,316,281,316,304,299,304
171,283,186,283,186,299,171,299
1791,288,1827,288,1827,324,1791,324
2050,310,2172,293,2178,332,2055,349
1435,304,1650,296,1651,331,1436,339
56,302,184,307,183,335,55,330
1116,303,1219,306,1218,332,1116,329
904,309,925,309,925,324,904,324
820,309,851,309,851,332,820,332
1262,311,1277,311,1277,322,1262,322
1834,338,1972,324,1976,362,1838,376
1035,332,1063,332,1063,357,1035,357
1078,332,1211,332,1211,388,1078,388
1168,327,1330,336,1328,371,1166,362
56,334,76,334,76,352,56,352
603,337,621,337,621,350,603,350
730,334,886,334,886,365,730,365
945,334,973,334,973,360,945,360
1372,334,1512,334,1512,368,1372,368
1605,347,1724,339,1726,374,1607,382
945,355,1065,355,1065,390,945,390
158,360,311,360,311,393,158,393
809,362,930,358,931,395,810,399
1213,362,1239,362,1239,383,1213,383
677,362,802,362,802,396,677,396
1303,362,1323,362,1323,383,1303,383
1374,362,1530,362,1530,388,1374,388
1831,374,1974,357,1978,395,1835,412
1354,368,1372,368,1372,385,1354,385
158,391,265,391,265,424,158,424
822,391,907,391,907,424,822,424
1155,393,1173,393,1173,414,1155,414
125,396,145,396,145,411,125,411
690,393,771,393,771,426,690,426
1367,393,1528,393,1528,424,1367,424
89,398,112,398,112,416,89,416
641,396,669,396,669,419,641,419
1671,396,1727,396,1727,431,1671,431
488,401,500,401,500,414,488,414
1832,407,1976,392,1980,430,1836,445
1630,401,1676,401,1676,434,1630,434
1093,419,1175,419,1175,452,1093,452
158,420,383,424,383,454,158,449
483,421,503,421,503,447,483,447
812,421,866,421,866,454,812,454
861,421,907,421,907,454,861,454
56,426,71,426,71,444,56,444
564,424,585,424,585,444,564,444
679,424,771,424,771,457,679,457
86,426,109,426,109,447,86,447
644,426,669,426,669,447,644,447
1832,440,1979,429,1982,466,1835,478
1794,434,1832,434,1832,472,1794,472
1681,439,1730,439,1730,472,1681,472
1633,442,1689,442,1689,475,1633,475
485,454,500,454,500,467,485,467
51,449,184,449,184,477,51,477
1372,449,1541,449,1541,485,1372,485
283,452,375,452,375,485,283,485
641,452,667,452,667,477,641,477
692,452,771,452,771,488,692,488
825,452,907,452,907,485,825,485
214,454,283,454,283,485,214,485
1837,473,1980,462,1982,500,1840,510
155,480,235,480,235,513,155,513
580,480,669,480,669,516,580,516
835,480,907,480,907,511,835,511
1681,480,1730,480,1730,513,1681,513
483,480,569,480,569,536,483,536
702,483,771,483,771,513,702,513
1392,483,1474,483,1474,516,1392,516
1477,483,1533,483,1533,513,1477,513
1635,483,1689,483,1689,516,1635,516
1799,483,1832,483,1832,513,1799,513
1839,508,1978,494,1982,532,1843,546
825,506,907,506,907,539,825,539
973,506,1042,506,1042,536,973,536
577,508,664,508,664,544,577,544
700,508,771,508,771,541,700,541
128,514,180,519,178,540,126,535
224,513,273,513,273,536,224,536
286,513,365,513,365,539,286,539
437,513,470,513,470,598,437,598
51,518,71,518,71,536,51,536
81,518,97,518,97,534,81,534
1635,523,1732,523,1732,559,1635,559
1841,539,1980,532,1982,569,1843,576
702,536,771,536,771,569,702,569
835,536,868,536,868,569,835,569
861,536,907,536,907,567,861,567
577,539,667,539,667,575,577,575
43,541,181,541,181,572,43,572
212,541,393,541,393,575,212,575
1528,541,1551,541,1551,562,1528,562
485,554,564,554,564,587,485,587
812,567,907,567,907,600,812,600
953,567,1040,567,1040,595,953,595
40,569,176,569,176,600,40,600
283,569,360,569,360,600,283,600
355,569,401,569,401,603,355,603
577,569,664,569,664,603,577,603
690,569,736,569,736,600,690,600
728,569,771,569,771,600,728,600
1446,569,1556,569,1556,603,1446,603
1843,573,1980,567,1981,603,1845,609
1344,572,1443,572,1443,608,1344,608
40,600,178,600,178,633,40,633
355,600,403,600,403,633,355,633
1528,600,1553,600,1553,628,1528,628
281,603,360,603,360,636,281,636
554,603,585,603,585,626,554,626
628,603,664,603,664,628,628,628
751,605,769,605,769,626,751,626
889,605,902,605,902,623,889,623
1409,606,1474,601,1476,628,1411,633
1841,607,1982,600,1984,638,1843,645
477,608,498,608,498,623,477,623
1367,605,1400,605,1400,636,1367,636
437,613,470,613,470,649,437,649
1638,621,1734,615,1737,649,1641,656
472,628,669,628,669,664,472,664
702,628,771,628,771,661,702,661
835,628,907,628,907,659,835,659
38,629,73,631,63,755,28,752
66,631,176,631,176,664,66,664
304,633,350,633,350,664,304,664
352,633,401,633,401,664,352,664
1449,633,1474,633,1474,656,1449,656
1530,636,1551,636,1551,651,1530,651
1840,642,1984,632,1987,669,1843,679
1098,656,1139,656,1139,690,1098,690
1132,656,1178,656,1178,690,1132,690
1226,656,1305,656,1305,684,1226,684
470,659,506,659,506,695,470,695
690,659,771,659,771,692,690,692
812,659,904,659,904,692,812,692
1415,659,1459,659,1459,692,1415,692
1456,659,1551,659,1551,690,1456,690
92,661,120,661,120,718,92,718
148,661,171,661,171,720,148,720
437,661,467,661,467,695,437,695
549,661,621,661,621,690,549,690
1341,661,1418,661,1418,692,1341,692
304,664,350,664,350,697,304,697
352,664,401,664,401,697,352,697
626,664,664,664,664,690,626,690
1801,667,1840,667,1840,702,1801,702
1839,674,1985,669,1986,707,1840,712
1109,687,1173,687,1173,718,1109,718
472,690,667,690,667,725,472,725
700,690,769,690,769,723,700,723
822,690,866,690,866,723,822,723
861,690,907,690,907,720,861,720
1441,690,1564,690,1564,723,1441,723
301,695,350,695,350,728,301,728
352,695,401,695,401,728,352,728
1846,708,1987,703,1989,741,1847,747
1804,713,1840,713,1840,746,1804,746
148,723,171,723,171,751,148,751
470,720,667,720,667,753,470,753
1515,723,1556,723,1556,741,1515,741
107,723,135,723,135,751,107,751
1341,723,1487,723,1487,753,1341,753
69,725,97,725,97,746,69,746
1847,741,1988,741,1988,779,1847,779
858,748,907,748,907,782,858,782
1229,748,1311,748,1311,779,1229,779
467,751,664,751,664,784,467,784
723,751,771,751,771,782,723,782
835,751,866,751,866,782,835,782
1344,751,1487,751,1487,787,1344,787
1849,777,1988,771,1989,807,1850,812
28,779,62,782,53,901,18,899
467,782,664,782,664,815,467,815
1344,782,1487,782,1487,815,1344,815
140,784,168,784,168,812,140,812
1850,810,1990,810,1990,845,1850,845
140,815,168,815,168,845,140,845
467,812,664,812,664,845,467,845
61,815,86,815,86,843,61,843
1349,820,1484,820,1484,863,1349,863
937,833,989,833,989,871,937,871
56,840,89,840,89,876,56,876
1839,838,2112,834,2113,896,1840,900
820,843,835,843,835,858,820,858
86,843,171,843,171,876,86,876
465,841,664,846,664,880,464,876
299,845,355,845,355,879,299,879
347,845,396,845,396,879,347,879
1806,845,1837,845,1837,876,1806,876
2128,861,2164,861,2164,894,2128,894
299,874,396,874,396,907,299,907
554,874,661,874,661,907,554,907
1267,874,1311,874,1311,902,1267,902
1451,874,1656,874,1656,907,1451,907
92,876,125,876,125,899,92,899
467,876,513,876,513,907,467,907
677,876,769,876,769,909,677,909
812,876,856,876,856,907,812,907
858,876,904,876,904,907,858,907
1464,902,1548,902,1548,937,1464,937
552,904,661,904,661,937,552,937
465,907,531,907,531,937,465,937
1346,908,1554,934,1548,977,1341,951
30,922,385,922,385,960,30,960
1891,922,2149,922,2149,965,1891,965
1650,927,1696,927,1696,960,1650,960
1691,927,1748,927,1748,960,1691,960
424,930,457,930,457,966,424,966
546,935,659,935,659,968,546,968
460,937,529,937,529,968,460,968
33,950,299,950,299,1121,33,1121
1730,963,1748,963,1748,986,1730,986
1341,980,1549,954,1554,1001,1346,1026
421,968,659,964,659,1000,421,1004
1829,981,1847,981,1847,1004,1829,1004
153,986,391,986,391,1022,153,1022
1650,989,1753,989,1753,1022,1650,1022
1464,994,1551,994,1551,1029,1464,1029
457,999,659,999,659,1032,457,1032
9,998,44,1003,27,1138,-7,1133
1832,1019,1850,1019,1850,1045,1832,1045
263,1014,388,1014,388,1055,263,1055
419,1020,507,1026,505,1066,417,1059
626,1029,659,1029,659,1063,626,1063
322,1047,391,1047,391,1083,322,1083
1653,1052,1755,1052,1755,1083,1653,1083
1829,1055,1852,1055,1852,1083,1829,1083
457,1060,656,1060,656,1093,457,1093
1349,1058,1385,1058,1385,1091,1349,1091
1405,1055,1466,1055,1466,1121,1405,1121
1466,1058,1505,1058,1505,1121,1466,1121
1530,1058,1556,1058,1556,1086,1530,1086
419,1063,454,1063,454,1101,419,1101
204,1081,332,1081,332,1116,204,1116
76,1083,109,1083,109,1111,76,1111
115,1083,145,1083,145,1114,115,1114
153,1091,176,1091,176,1109,153,1109
1346,1088,1382,1088,1382,1116,1346,1116
0,0,0,0,0,0,0,0
1533,1091,1556,1091,1556,1111,1533,1111
1823,1095,1856,1091,1865,1169,1832,1173
362,1111,385,1111,385,1142,362,1142
38,1114,69,1114,69,1144,38,1144
74,1116,135,1116,135,1142,74,1142
148,1116,171,1116,171,1144,148,1144
444,1127,630,1123,631,1161,444,1165
820,1124,907,1124,907,1157,820,1157
684,1127,766,1127,766,1160,684,1160
276,1144,337,1144,337,1180,276,1180
332,1144,388,1144,388,1178,332,1178
28,1144,66,1148,47,1372,10,1369
66,1147,102,1147,102,1180,66,1180
143,1147,168,1147,168,1173,143,1173
107,1150,135,1150,135,1178,107,1178
1349,1152,1507,1152,1507,1188,1349,1188
408,1155,580,1155,580,1190,408,1190
577,1155,656,1155,656,1190,577,1190
1834,1173,1860,1173,1860,1206,1834,1206
58,1180,143,1180,143,1213,58,1213
145,1183,166,1183,166,1206,145,1206
482,1190,654,1190,654,1226,482,1226
411,1193,467,1193,467,1224,411,1224
104,1211,127,1211,127,1239,104,1239
63,1213,92,1213,92,1239,63,1239
136,1212,165,1214,155,1338,125,1336
1834,1216,1857,1216,1857,1242,1834,1242
408,1224,656,1224,656,1262,408,1262
58,1247,92,1247,92,1277,58,1277
97,1247,125,1247,125,1275,97,1275
490,1259,575,1259,575,1295,490,1295
439,1262,490,1262,490,1295,439,1295
1902,1272,2176,1284,2174,1327,1900,1315
92,1277,117,1277,117,1336,92,1336
56,1280,84,1280,84,1305,56,1305
784,1290,904,1290,904,1326,784,1326
950,1290,1006,1290,1006,1323,950,1323
999,1290,1047,1290,1047,1323,999,1323
1098,1290,1185,1290,1185,1323,1098,1323
1236,1290,1280,1290,1280,1323,1236,1323
1272,1290,1321,1290,1321,1323,1272,1323
618,1293,764,1293,764,1326,618,1326
406,1298,439,1298,439,1328,406,1328
937,1300,950,1300,950,1316,937,1316
1081,1300,1098,1300,1098,1316,1081,1316
1216,1300,1229,1300,1229,1316,1216,1316
56,1318,74,1318,74,1334,56,1334
1817,1322,1969,1329,1967,1366,1815,1359
1354,1326,1520,1326,1520,1364,1354,1364
401,1328,679,1328,679,1367,401,1367
1594,1328,1622,1328,1622,1357,1594,1357
1668,1328,1740,1328,1740,1364,1668,1364
403,1364,896,1360,897,1397,403,1402
907,1362,1029,1362,1029,1397,907,1397
1037,1362,1088,1362,1088,1395,1037,1395
1088,1362,1190,1362,1190,1397,1088,1397
1201,1362,1390,1362,1390,1397,1201,1397
1408,1362,1518,1362,1518,1397,1408,1397
1584,1364,1707,1364,1707,1397,1584,1397
1820,1364,2224,1382,2222,1422,1818,1404
1144,1395,1280,1395,1280,1431,1144,1431
395,1401,654,1396,654,1435,396,1440
1063,1397,1127,1397,1127,1433,1063,1433
1275,1395,1410,1395,1410,1466,1275,1466
1410,1397,1523,1397,1523,1433,1410,1433
774,1400,925,1400,925,1431,774,1431
1558,1403,1640,1403,1640,1433,1558,1433
1661,1405,1684,1405,1684,1428,1661,1428
1965,1414,2122,1421,2120,1459,1963,1452
0,1423,17,1423,17,1433,0,1433
1121,1426,1183,1426,1183,1461,1121,1461
1236,1426,1277,1426,1277,1459,1236,1459
385,1433,924,1426,926,1500,386,1508
925,1431,1037,1431,1037,1466,925,1466
1206,1431,1242,1431,1242,1466,1206,1466
1105,1455,1811,1487,1805,1614,1099,1582
1828,1461,1974,1472,1971,1520,1824,1509
774,1474,1024,1474,1024,1500,774,1500
446,1484,779,1471,781,1521,447,1534
575,1507,802,1507,802,1556,575,1556
649,1510,677,1510,677,1525,649,1525
684,1512,707,1512,707,1523,684,1523
797,1518,968,1518,968,1556,797,1556
1832,1514,2289,1543,2286,1584,1830,1555
1845,1541,2154,1567,2150,1607,1842,1580
1147,1558,1160,1558,1160,1574,1147,1574
1219,1558,1272,1558,1272,1574,1219,1574
771,1566,782,1566,782,1574,771,1574
812,1566,825,1566,825,1574,812,1574
840,1569,917,1569,917,1635,840,1635
914,1571,1001,1571,1001,1597,914,1597
999,1571,1058,1571,1058,1594,999,1594
1234,1576,1257,1576,1257,1592,1234,1592
1275,1571,1339,1571,1339,1594,1275,1594
1423,1569,1749,1576,1747,1656,1421,1649
1344,1576,1357,1576,1357,1587,1344,1587
1127,1571,1443,1571,1443,1650,1127,1650
825,1579,840,1579,840,1587,825,1587
1257,1579,1275,1579,1275,1594,1257,1594
1666,1573,1800,1581,1798,1608,1665,1600
1848,1572,2189,1600,2186,1640,1845,1611
909,1599,943,1599,943,1620,909,1620
940,1599,973,1599,973,1622,940,1622
973,1602,991,1602,991,1622,973,1622
986,1599,1050,1599,1050,1622,986,1622
2164,1589,2309,1603,2301,1684,2155,1670
828,1607,851,1607,851,1615,828,1615
1848,1602,1960,1613,1956,1651,1844,1639
1438,1615,1474,1615,1474,1643,1438,1643
1957,1615,2070,1615,2070,1653,1957,1653
2075,1623,2168,1628,2166,1665,2073,1660
1848,1633,1977,1642,1975,1679,1845,1670
193,1641,319,1636,320,1675,194,1680
94,1645,181,1645,181,1679,94,1679
1975,1648,2090,1648,2090,1684,1975,1684
