1129,92,1236,92,1236,140,1129,140
1001,97,1111,97,1111,143,1001,143
508,99,994,99,994,148,508,148
1362,150,1576,150,1576,191,1362,191
1005,156,1121,152,1122,193,1007,197
104,161,270,161,270,201,104,201
513,161,628,161,628,201,513,201
1466,194,1581,194,1581,237,1466,237
1357,199,1441,199,1441,237,1357,237
947,209,1180,202,1181,240,948,246
1298,247,1630,247,1630,288,1298,288
1128,254,1244,250,1245,288,1129,292
920,258,978,258,978,296,920,296
470,258,674,258,674,299,470,299
135,260,247,260,247,301,135,301
122,306,263,306,263,347,122,347
1303,345,1464,345,1464,383,1303,383
544,355,603,355,603,393,544,393
945,355,1029,355,1029,391,945,391
1203,396,1369,396,1369,431,1203,431
1001,398,1139,398,1139,437,1001,437
408,401,572,401,572,442,408,442
710,403,771,403,771,439,710,439
876,403,940,403,940,439,876,439
235,406,263,406,263,434,235,434
135,411,155,411,155,434,135,434
1538,411,1627,411,1627,447,1538,447
1172,438,1390,433,1390,477,1173,482
1037,444,1098,444,1098,480,1037,480
337,447,477,447,477,488,337,488
506,447,646,447,646,488,506,488
684,449,797,449,797,485,684,485
863,449,950,449,950,485,863,485
1157,488,1270,488,1270,529,1157,529
1272,490,1357,490,1357,526,1272,526
421,498,498,498,498,534,421,534
587,498,661,498,661,534,587,534
186,500,273,500,273,536,186,536
1134,503,1147,503,1147,518,1134,518
1535,500,1622,500,1622,536,1535,536
1211,539,1362,539,1362,567,1211,567
1178,552,1193,552,1193,564,1178,564
191,544,276,544,276,580,191,580
1308,580,1390,580,1390,615,1308,615
1157,582,1213,582,1213,618,1157,618
1219,582,1303,582,1303,618,1219,618
204,590,263,590,263,626,204,626
1188,626,1275,626,1275,661,1188,661
1277,626,1362,626,1362,661,1277,661
148,636,227,636,227,672,148,672
242,636,324,636,324,672,242,672
1528,638,1615,638,1615,672,1528,672
1280,672,1303,672,1303,697,1280,697
1244,677,1265,677,1265,697,1244,697
143,677,227,677,227,713,143,713
240,677,324,677,324,713,240,713
1530,707,1566,707,1566,741,1530,741
1569,707,1617,707,1617,741,1569,741
1298,710,1359,710,1359,746,1298,746
240,720,322,720,322,756,240,756
143,743,227,743,227,779,143,779
1160,751,1244,751,1244,787,1160,787
1259,756,1397,756,1397,792,1259,792
1597,759,1612,759,1612,776,1597,776
1063,759,1150,759,1150,792,1063,792
240,764,324,764,324,799,240,799
1157,774,1234,774,1234,840,1157,840
97,794,130,794,130,830,97,830
1543,794,1574,794,1574,825,1543,825
1571,794,1617,794,1617,828,1571,828
1300,797,1359,797,1359,833,1300,833
186,807,276,807,276,843,186,843
1530,838,1617,838,1617,871,1530,871
1298,840,1359,840,1359,876,1298,876
99,845,130,845,130,881,99,881
140,851,304,851,304,889,140,889
1267,884,1326,884,1326,920,1267,920
1328,884,1390,884,1390,920,1328,920
1152,886,1259,886,1259,922,1152,922
189,894,276,894,276,930,189,930
424,894,498,894,498,927,424,927
577,894,621,894,621,927,577,927
615,894,661,894,661,927,615,927
102,897,125,897,125,925,102,925
1277,932,1305,932,1305,958,1277,958
163,935,304,935,304,976,163,976
102,945,125,945,125,971,102,971
1270,971,1433,971,1433,1006,1270,1006
153,978,316,978,316,1019,153,1019
1188,1017,1349,1017,1349,1055,1188,1055
168,1027,304,1027,304,1063,168,1063
1187,1063,1346,1055,1348,1095,1188,1103
143,1068,329,1068,329,1106,143,1106
1290,1104,1449,1104,1449,1139,1290,1139
1175,1106,1285,1106,1285,1142,1175,1142
168,1111,306,1111,306,1147,168,1147
158,1157,316,1157,316,1193,158,1193
173,1203,214,1203,214,1236,173,1236
212,1203,299,1203,299,1239,212,1239
107,1242,130,1242,130,1267,107,1267
219,1244,304,1244,304,1280,219,1280
168,1247,214,1247,214,1277,168,1277
104,1288,130,1288,130,1316,104,1316
219,1288,304,1288,304,1326,219,1326
168,1290,217,1290,217,1323,168,1323
155,1328,316,1328,316,1367,155,1367
104,1339,130,1339,130,1364,104,1364
1075,1369,1147,1369,1147,1403,1075,1403
194,1374,278,1374,278,1410,194,1410
102,1385,130,1385,130,1413,102,1413
189,1415,232,1415,232,1451,189,1451
230,1415,276,1415,276,1451,230,1451
92,1464,327,1464,327,1502,92,1502
112,1507,301,1507,301,1546,112,1546
1058,1551,1150,1551,1150,1584,1058,1584
419,1553,495,1553,495,1589,419,1589
572,1553,615,1553,615,1587,572,1587
610,1553,659,1553,659,1587,610,1587
173,1556,235,1556,235,1592,173,1592
1173,1597,1288,1597,1288,1633,1173,1633
1285,1594,1349,1594,1349,1635,1285,1635
1367,1597,1433,1597,1433,1633,1367,1633
1530,1597,1556,1597,1556,1625,1530,1625
132,1599,270,1599,270,1640,132,1640
945,1643,1367,1643,1367,1684,945,1684
461,1649,572,1645,573,1683,462,1687
613,1645,725,1645,725,1686,613,1686
769,1648,904,1648,904,1684,769,1684
120,1650,281,1650,281,1689,120,1689
357,1650,447,1650,447,1686,357,1686
1206,1686,1318,1686,1318,1727,1206,1727
1372,1689,1515,1689,1515,1725,1372,1725
779,1691,840,1691,840,1730,779,1730
874,1689,1139,1689,1139,1730,874,1730
102,1691,293,1691,293,1732,102,1732
324,1694,490,1694,490,1730,324,1730
1377,1735,1464,1735,1464,1773,1377,1773
322,1735,462,1735,462,1776,322,1776
465,1735,554,1735,554,1776,465,1776
554,1735,644,1735,644,1776,554,1776
733,1737,784,1737,784,1776,733,1776
1221,1737,1308,1737,1308,1773,1221,1773
1581,1737,1620,1737,1620,1765,1581,1765
109,1737,276,1737,276,1778,109,1778
644,1740,736,1740,736,1773,644,1773
715,1783,981,1783,981,1819,715,1819
1160,1829,1272,1829,1272,1865,1160,1865
1277,1829,1336,1829,1336,1865,1277,1865
393,1832,477,1832,477,1865,393,1865
483,1832,541,1832,541,1865,483,1865
728,1868,838,1868,838,1903,728,1903
1415,1868,1551,1868,1551,1903,1415,1903
1556,1868,1615,1868,1615,1903,1556,1903
99,1870,403,1870,403,1906,99,1906
403,1870,495,1870,495,1906,403,1906
495,1870,557,1870,557,1903,495,1903
562,1870,723,1870,723,1903,562,1903
861,1870,920,1870,920,1903,861,1903
881,1868,1221,1868,1221,1937,881,1937
1142,1870,1203,1870,1203,1906,1142,1906
1208,1870,1267,1870,1267,1906,1208,1906
1272,1870,1410,1870,1410,1906,1272,1906
79,1880,97,1880,97,1898,79,1898
444,1896,636,1896,636,1932,444,1932
636,1896,697,1896,697,1932,636,1932
99,1898,214,1898,214,1934,99,1934
186,1896,357,1896,357,1962,186,1962
352,1896,557,1896,557,1960,352,1960
715,1921,812,1921,812,1960,715,1960
125,1924,184,1924,184,1960,125,1960
564,1924,621,1924,621,1957,564,1957
626,1924,715,1924,715,1957,626,1957
856,1924,1078,1924,1078,1993,856,1993
1290,1921,1385,1921,1385,1993,1290,1993
1380,1921,1579,1921,1579,1995,1380,1995
1073,1926,1229,1926,1229,1995,1073,1995
1231,1929,1293,1929,1293,1962,1231,1962
191,1952,327,1952,327,1988,191,1988
355,1952,406,1952,406,1985,355,1985
127,1955,184,1955,184,1988,127,1988
408,1955,442,1955,442,1988,408,1988
1001,1955,1114,1955,1114,1990,1001,1990
1203,1955,1293,1955,1293,1993,1203,1993
189,1980,352,1980,352,2016,189,2016
355,1980,431,1980,431,2013,355,2013
431,1980,470,1980,470,2013,431,2013
483,1980,531,1980,531,2013,483,2013
546,1980,621,1980,621,2016,546,2016
626,1980,684,1980,684,2013,626,2013
687,1978,825,1978,825,2016,687,2016
102,1983,186,1983,186,2013,102,2013
886,1983,1134,1983,1134,2018,886,2018
1139,1983,1372,1983,1372,2018,1139,2018
1403,1985,1484,1985,1484,2021,1403,2021
1489,1985,1551,1985,1551,2021,1489,2021
1364,1990,1403,1990,1403,2016,1364,2016
125,2008,186,2008,186,2044,125,2044
884,2011,996,2011,996,2049,884,2049
996,2014,1152,2009,1153,2047,997,2052
74,2036,457,2036,457,2103,74,2103
457,2039,572,2039,572,2075,457,2075
575,2039,674,2039,674,2075,575,2075
677,2039,736,2039,736,2075,677,2075
736,2036,853,2036,853,2105,736,2105
851,2036,1569,2040,1568,2173,850,2169
1111,2044,1254,2044,1254,2080,1111,2080
1254,2044,1290,2044,1290,2077,1254,2077
1293,2044,1446,2044,1446,2080,1293,2080
1449,2042,1514,2047,1511,2084,1447,2079
1523,2044,1602,2044,1602,2080,1523,2080
102,2067,214,2067,214,2103,102,2103
383,2067,470,2067,470,2103,383,2103
472,2067,557,2067,557,2103,472,2103
564,2067,649,2067,649,2103,564,2103
651,2067,736,2067,736,2103,651,2103
99,2095,252,2095,252,2131,99,2131
253,2095,316,2095,316,2131,253,2131
1449,2103,1512,2103,1512,2139,1449,2139
76,2123,508,2123,508,2162,76,2162
511,2123,572,2123,572,2159,511,2159
585,2121,802,2121,802,2192,585,2192
575,2126,633,2126,633,2162,575,2162
1487,2131,1548,2131,1548,2167,1487,2167
419,2151,585,2151,585,2190,419,2190
104,2154,163,2154,163,2187,104,2187
163,2154,214,2154,214,2187,163,2187
217,2154,419,2154,419,2190,217,2190
884,2156,971,2156,971,2192,884,2192
968,2156,1443,2156,1443,2195,968,2195
1500,2156,1587,2156,1587,2195,1500,2195
1449,2159,1500,2159,1500,2192,1449,2192
104,2179,406,2179,406,2218,104,2218
408,2182,495,2182,495,2218,408,2218
498,2182,557,2182,557,2218,498,2218
881,2181,1280,2185,1280,2225,881,2221
84,2233,421,2233,421,2271,84,2271
426,2233,562,2233,562,2271,426,2271
567,2233,651,2233,651,2271,567,2271
656,2233,718,2233,718,2269,656,2269
718,2233,782,2233,782,2269,718,2269
782,2236,845,2236,845,2271,782,2271
845,2236,935,2236,935,2271,845,2271
937,2236,1083,2236,1083,2274,937,2274
