1351,53,1466,53,1466,89,1351,89
1231,56,1316,56,1316,89,1231,89
1321,56,1357,56,1357,89,1321,89
733,63,863,63,863,99,733,99
270,74,429,74,429,109,270,109
184,76,268,76,268,112,184,112
2,81,86,81,86,117,2,117
92,81,161,81,161,115,92,115
1075,207,1211,207,1211,265,1075,265
918,215,1077,210,1079,268,920,273
780,220,909,215,911,273,782,277
563,228,679,223,681,278,565,283
677,224,784,224,784,276,677,276
414,227,526,227,526,288,414,288
289,232,382,227,385,285,292,290
380,232,408,232,408,283,380,283
523,230,567,230,567,278,523,278
230,232,299,232,299,293,230,293
112,306,222,306,222,342,112,342
53,309,109,309,109,342,53,342
1190,335,1364,330,1365,367,1191,372
844,349,937,345,939,380,846,384
431,357,529,357,529,393,431,393
122,362,250,362,250,398,122,398
1269,370,1384,366,1386,402,1270,407
1183,373,1247,373,1247,406,1183,406
1152,375,1178,375,1178,403,1152,403
828,388,943,388,943,419,828,419
1088,414,1362,410,1362,448,1088,453
879,426,968,426,968,460,879,460
723,434,764,434,764,460,723,460
402,441,559,435,560,469,404,474
145,444,232,444,232,477,145,477
1153,451,1272,444,1274,477,1155,484
879,460,968,460,968,493,879,493
138,480,245,480,245,513,138,513
1106,490,1234,490,1234,518,1106,518
746,506,812,506,812,529,746,529
449,516,498,516,498,539,449,539
1305,521,1392,521,1392,554,1305,554
1001,526,1073,526,1073,559,1001,559
1073,526,1121,526,1121,554,1073,554
968,529,999,529,999,557,968,557
783,535,894,531,895,567,784,570
700,539,751,539,751,569,700,569
357,543,498,539,498,572,357,576
577,541,628,541,628,572,577,572
168,546,214,546,214,577,168,577
957,552,1131,545,1133,580,958,587
817,559,866,559,866,590,817,590
687,564,759,564,759,595,687,595
554,567,646,567,646,600,554,600
306,572,416,572,416,605,306,605
424,572,534,572,534,605,424,605
1341,582,1390,582,1390,613,1341,613
1081,585,1132,585,1132,618,1081,618
1305,585,1349,585,1349,615,1305,615
987,586,1133,581,1135,642,990,647
960,592,983,592,983,615,960,615
475,600,544,600,544,631,475,631
362,603,424,603,424,633,362,633
173,608,263,608,263,641,173,641
960,615,991,615,991,641,960,641
173,641,265,641,265,672,173,672
1093,659,1144,659,1144,695,1093,695
1022,661,1096,661,1096,697,1022,697
971,664,1022,664,1022,695,971,695
194,672,242,672,242,702,194,702
207,702,291,702,291,730,207,730
130,707,207,707,207,736,130,736
1303,710,1387,710,1387,743,1303,743
1070,715,1121,715,1121,748,1070,748
996,715,1088,715,1088,771,996,771
138,730,204,730,204,764,138,764
224,733,291,733,291,761,224,761
1305,756,1387,756,1387,789,1305,789
224,766,293,766,293,797,224,797
1058,774,1109,774,1109,805,1058,805
135,784,204,784,204,815,135,815
224,797,293,797,293,830,224,830
89,802,115,802,115,830,89,830
1027,802,1139,802,1139,835,1027,835
932,805,981,805,981,835,932,835
178,828,250,828,250,858,178,858
1058,830,1109,830,1109,861,1058,861
92,833,115,833,115,858,92,858
932,833,978,833,978,866,932,866
904,838,925,838,925,861,904,861
1341,853,1385,853,1385,884,1341,884
1300,856,1346,856,1346,881,1300,881
143,858,288,858,288,891,143,891
92,863,112,863,112,889,92,889
1058,866,1106,866,1106,891,1058,891
1367,889,1380,889,1380,907,1367,907
178,889,247,889,247,917,178,917
92,894,112,894,112,914,92,914
1039,897,1167,893,1168,927,1040,931
991,899,1040,899,1040,932,991,932
902,902,989,902,989,932,902,932
472,912,541,912,541,943,472,943
365,917,421,917,421,943,365,943
161,920,268,920,268,953,161,953
1069,928,1185,924,1187,958,1071,962
1185,927,1208,927,1208,950,1185,950
148,950,276,950,276,983,148,983
982,959,1113,953,1115,987,984,993
155,981,265,981,265,1014,155,1014
983,986,1114,986,1114,1019,983,1019
828,994,897,994,897,1024,828,1024
480,1004,541,1004,541,1035,480,1035
362,1009,419,1009,419,1035,362,1035
130,1012,293,1012,293,1042,130,1042
1009,1024,1142,1024,1142,1058,1009,1058
920,1027,1009,1027,1009,1060,920,1060
155,1045,263,1045,263,1078,155,1078
972,1068,1282,1060,1284,1119,974,1127
114,1076,298,1069,299,1099,115,1105
158,1109,258,1109,258,1142,158,1142
971,1109,1132,1109,1132,1180,971,1180
1160,1116,1259,1112,1261,1172,1163,1176
153,1139,196,1139,196,1167,153,1167
194,1139,263,1139,263,1170,194,1170
89,1147,107,1147,107,1167,89,1167
153,1167,263,1167,263,1201,153,1201
1086,1165,1282,1165,1282,1224,1086,1224
969,1171,1095,1166,1097,1224,971,1229
86,1173,107,1173,107,1196,86,1196
86,1203,107,1203,107,1226,86,1226
145,1201,270,1201,270,1234,145,1234
1098,1206,1282,1206,1282,1277,1098,1277
973,1216,1088,1216,1088,1277,973,1277
86,1231,107,1231,107,1254,86,1254
127,1233,286,1228,286,1255,127,1260
152,1295,273,1289,274,1324,153,1331
104,1298,155,1298,155,1326,104,1326
98,1328,280,1322,281,1358,99,1363
114,1357,263,1352,264,1386,115,1390
822,1372,891,1372,891,1397,822,1397
464,1382,559,1378,560,1410,465,1414
347,1385,414,1385,414,1413,347,1413
163,1390,212,1390,212,1423,163,1423
421,1392,437,1392,437,1408,421,1408
1095,1398,1310,1393,1311,1429,1096,1434
919,1404,1055,1400,1056,1435,920,1439
119,1428,255,1425,256,1459,120,1462
878,1443,1055,1437,1056,1471,879,1477
684,1446,822,1446,822,1479,684,1479
539,1451,656,1451,656,1484,539,1484
419,1454,506,1454,506,1487,419,1487
299,1459,424,1459,424,1492,299,1492
120,1464,253,1464,253,1497,120,1497
1172,1471,1326,1468,1326,1497,1173,1501
1042,1474,1132,1474,1132,1507,1042,1507
730,1482,917,1478,918,1513,731,1517
669,1487,718,1487,718,1518,669,1518
295,1495,444,1490,445,1523,296,1527
111,1503,257,1497,259,1532,112,1538
1311,1507,1362,1507,1362,1541,1311,1541
950,1515,1022,1515,1022,1548,950,1548
1096,1515,1165,1515,1165,1546,1096,1546
298,1536,610,1526,611,1560,299,1570
120,1541,250,1541,250,1574,120,1574
656,1558,766,1558,766,1592,656,1592
764,1558,815,1558,815,1589,764,1589
991,1592,1083,1592,1083,1625,991,1625
1086,1592,1134,1592,1134,1622,1086,1622
368,1610,437,1610,437,1643,368,1643
437,1610,485,1610,485,1643,437,1643
1293,1620,1344,1620,1344,1653,1293,1653
1183,1622,1295,1622,1295,1656,1183,1656
1073,1625,1185,1625,1185,1658,1073,1658
1024,1627,1075,1627,1075,1661,1024,1661
807,1630,981,1630,981,1663,807,1663
981,1630,1027,1630,1027,1661,981,1661
466,1642,687,1635,688,1670,467,1677
684,1638,733,1638,733,1668,684,1668
355,1645,470,1645,470,1678,355,1678
236,1650,357,1645,358,1678,238,1683
86,1654,242,1650,243,1683,87,1687
983,1653,1081,1653,1081,1686,983,1686
827,1655,986,1655,986,1689,827,1689
492,1667,725,1661,726,1695,493,1701
356,1672,498,1667,499,1701,358,1707
103,1679,354,1671,356,1706,105,1714
1165,1673,1305,1673,1305,1707,1165,1707
1003,1679,1159,1675,1160,1708,1004,1712
807,1681,1009,1681,1009,1714,807,1714
472,1693,730,1686,731,1720,473,1728
362,1696,431,1696,431,1730,362,1730
429,1696,477,1696,477,1727,429,1727
263,1699,368,1699,368,1732,263,1732
1190,1699,1331,1699,1331,1735,1190,1735
98,1705,268,1700,269,1734,99,1739
1124,1702,1196,1702,1196,1735,1124,1735
958,1704,1078,1704,1078,1737,958,1737
1075,1704,1127,1704,1127,1735,1075,1735
825,1709,925,1709,925,1742,825,1742
920,1709,963,1709,963,1740,920,1740
610,1716,738,1712,739,1745,610,1748
487,1718,615,1714,616,1749,488,1754
437,1722,485,1722,485,1753,437,1753
108,1730,439,1719,440,1754,110,1766
1121,1727,1318,1727,1318,1760,1121,1760
1055,1730,1124,1730,1124,1763,1055,1763
917,1732,1058,1732,1058,1765,917,1765
825,1735,922,1735,922,1768,825,1768
585,1740,713,1740,713,1776,585,1776
275,1752,590,1742,591,1777,276,1787
1295,1750,1346,1750,1346,1783,1295,1783
1247,1753,1298,1753,1298,1786,1247,1786
97,1755,281,1755,281,1788,97,1788
1070,1760,1246,1753,1248,1783,1071,1790
822,1761,973,1756,974,1791,823,1795
972,1759,1060,1756,1061,1788,973,1792
1060,1765,1070,1765,1070,1781,1060,1781
198,1781,347,1777,348,1809,199,1812
342,1778,368,1778,368,1806,342,1806
107,1781,204,1781,204,1814,107,1814
824,1789,998,1783,999,1817,825,1823
175,1807,332,1802,333,1837,176,1842
329,1804,388,1804,388,1834,329,1834
1247,1804,1339,1804,1339,1840,1247,1840
1128,1808,1249,1805,1250,1839,1129,1843
97,1809,168,1809,168,1837,97,1837
828,1811,986,1811,986,1847,828,1847
986,1811,1104,1811,1104,1845,986,1845
1101,1811,1132,1811,1132,1842,1101,1842
805,1817,830,1817,830,1845,805,1845
661,1819,720,1819,720,1855,661,1855
234,1831,666,1817,667,1854,235,1868
107,1834,240,1834,240,1865,107,1865
1047,1832,1336,1832,1336,1901,1047,1901
879,1842,1057,1842,1057,1875,879,1875
825,1845,879,1845,879,1878,825,1878
244,1860,607,1848,609,1885,245,1897
615,1850,733,1850,733,1883,615,1883
81,1863,250,1863,250,1896,81,1896
1308,1863,1339,1863,1339,1893,1308,1893
824,1871,1052,1866,1053,1902,825,1906
313,1884,715,1873,716,1909,314,1921
99,1891,283,1887,284,1921,99,1925
276,1888,319,1888,319,1919,276,1919
1049,1893,1331,1889,1331,1926,1050,1930
825,1899,1047,1895,1048,1931,825,1935
582,1903,697,1903,697,1939,582,1939
402,1911,585,1905,586,1941,403,1946
205,1916,275,1912,277,1947,207,1951
270,1914,406,1914,406,1947,270,1947
97,1916,212,1916,212,1949,97,1949
1094,1920,1328,1912,1330,1977,1096,1984
822,1927,1131,1920,1132,1958,823,1964
229,1938,705,1928,706,1996,230,2005
74,1942,355,1942,355,2001,74,2001
1202,1946,1338,1942,1339,1977,1204,1981
822,1952,991,1952,991,1988,822,1988
989,1952,1035,1952,1035,1983,989,1983
1032,1952,1101,1952,1101,1983,1032,1983
1193,1955,1206,1955,1206,1975,1193,1975
822,1983,907,1983,907,2016,822,2016
644,1985,743,1985,743,2021,644,2021
352,1991,649,1987,649,2023,352,2028
94,1995,161,1995,161,2031,94,2031
158,1995,273,1995,273,2029,158,2029
268,1995,357,1995,357,2029,268,2029
838,2021,940,2021,940,2057,838,2057
807,2024,840,2024,840,2057,807,2057
633,2026,684,2026,684,2059,633,2059
684,2026,810,2026,810,2059,684,2059
513,2029,582,2029,582,2064,513,2064
582,2029,633,2029,633,2062,582,2062
401,2031,511,2031,511,2064,401,2064
171,2034,401,2034,401,2070,171,2070
84,2036,153,2036,153,2070,84,2070
1271,2067,1346,2064,1348,2101,1273,2105
1349,2067,1364,2067,1364,2095,1349,2095
1055,2067,1270,2067,1270,2105,1055,2105
971,2075,1032,2075,1032,2105,971,2105
1032,2075,1052,2075,1052,2105,1032,2105
483,2082,567,2082,567,2116,483,2116
263,2085,355,2085,355,2118,263,2118
355,2087,373,2087,373,2116,355,2116
373,2085,465,2085,465,2118,373,2118
48,2087,135,2087,135,2121,48,2121
153,2087,265,2087,265,2121,153,2121
470,2090,477,2090,477,2108,470,2108
