88,2,195,2,195,49,88,49
679,2,734,2,734,49,679,49
726,5,931,5,931,46,726,46
1080,5,1249,5,1249,49,1080,49
1254,5,1345,5,1345,46,1254,46
1397,5,1470,5,1470,46,1397,46
1478,7,1515,7,1515,49,1478,49
1509,5,1634,5,1634,46,1509,46
403,338,473,338,473,395,403,395
481,338,598,338,598,395,481,395
596,341,630,341,630,393,596,393
653,338,765,338,765,395,653,395
814,341,911,341,911,380,814,380
931,338,1020,338,1020,380,931,380
765,343,799,343,799,380,765,380
1015,341,1142,341,1142,393,1015,393
1148,341,1411,341,1411,398,1148,398
104,413,260,413,260,447,104,447
400,413,507,413,507,447,400,447
926,413,1051,413,1051,450,926,450
1369,416,1551,416,1551,452,1369,452
838,447,1007,447,1007,484,838,484
1004,450,1262,450,1262,486,1004,486
1405,450,1621,450,1621,489,1405,489
1371,458,1390,458,1390,484,1371,484
130,481,229,481,229,515,130,515
400,481,544,481,544,515,400,515
846,484,900,484,900,518,846,518
1072,484,1174,484,1174,518,1072,518
1309,486,1601,486,1601,523,1309,523
1010,515,1030,515,1030,520,1010,520
1067,510,1184,510,1184,554,1067,554
1309,520,1486,520,1486,554,1309,554
562,549,622,549,622,583,562,583
877,549,952,549,952,585,877,585
1309,551,1455,551,1455,588,1309,588
984,575,1109,575,1109,619,984,619
1090,580,1127,580,1127,593,1090,593
408,580,559,580,559,616,408,616
143,583,234,583,234,616,143,616
700,585,757,585,757,619,700,619
846,585,900,585,900,619,846,619
1166,585,1270,585,1270,619,1166,619
1267,588,1322,588,1322,622,1267,622
400,616,523,616,523,650,400,650
544,616,669,616,669,653,544,653
692,616,791,616,791,653,692,653
1145,615,1343,619,1343,657,1144,653
838,619,916,619,916,653,838,653
999,619,1054,619,1054,650,999,650
1491,619,1590,619,1590,656,1491,656
187,650,278,650,278,684,187,684
460,653,538,653,538,687,460,687
609,653,684,653,684,687,609,687
1169,651,1343,654,1343,690,1168,687
809,658,827,658,827,682,809,682
187,684,278,684,278,718,187,718
1145,683,1344,690,1342,728,1144,721
1491,687,1548,687,1548,721,1491,721
1541,687,1590,687,1590,721,1541,721
515,689,536,689,536,715,515,715
809,692,825,692,825,715,809,715
666,695,679,695,679,713,666,713
195,718,257,718,257,752,195,752
512,721,536,721,536,749,512,749
812,726,825,726,825,747,812,747
1137,736,1215,736,1215,773,1137,773
1215,739,1291,739,1291,773,1215,773
1291,739,1343,739,1343,773,1291,773
164,752,249,752,249,786,164,786
278,752,356,752,356,786,278,786
515,754,540,755,536,854,511,853
812,762,825,762,825,783,812,783
666,765,679,765,679,781,666,781
164,786,239,786,239,820,164,820
278,786,356,786,356,820,278,820
1153,786,1304,786,1304,825,1153,825
812,796,825,796,825,814,812,814
278,820,356,820,356,853,278,853
663,827,679,827,679,851,663,851
1168,822,1252,822,1252,856,1168,856
1489,822,1546,822,1546,859,1489,859
1538,822,1588,822,1588,856,1538,856
164,838,236,838,236,872,164,872
278,853,356,853,356,887,278,887
611,853,676,853,676,887,611,887
486,856,536,856,536,890,486,890
1072,856,1122,856,1122,890,1072,890
1033,859,1080,859,1080,890,1033,890
1275,859,1332,859,1332,890,1275,890
1489,859,1546,859,1546,895,1489,895
1538,859,1588,859,1588,895,1538,895
104,887,132,887,132,1017,104,1017
184,887,278,887,278,921,184,921
489,890,533,890,533,926,489,926
598,890,682,890,682,924,598,924
460,892,492,892,492,921,460,921
1244,892,1369,892,1369,926,1244,926
1103,900,1116,900,1116,918,1103,918
158,921,320,921,320,958,158,958
1033,924,1122,924,1122,958,1033,958
1129,924,1213,924,1213,958,1129,958
1275,924,1330,924,1330,958,1275,958
518,931,531,931,531,950,518,950
663,931,679,931,679,952,663,952
958,931,971,931,971,952,958,952
1567,937,1582,937,1582,958,1567,958
182,955,278,955,278,989,182,989
1129,958,1213,958,1213,994,1129,994
515,963,531,963,531,986,515,986
1275,960,1330,960,1330,991,1275,991
666,965,679,965,679,984,666,984
1101,965,1119,965,1119,986,1101,986
1486,963,1588,963,1588,997,1486,997
958,968,971,968,971,984,958,984
169,989,288,989,288,1023,169,1023
515,997,531,997,531,1017,515,1017
1129,991,1231,991,1231,1025,1129,1025
1228,991,1413,991,1413,1028,1228,1028
1103,999,1116,999,1116,1020,1103,1020
958,1002,971,1002,971,1020,958,1020
1562,999,1585,999,1585,1025,1562,1025
169,1023,312,1023,312,1056,169,1056
1246,1028,1403,1028,1403,1064,1246,1064
1400,1028,1543,1028,1543,1064,1400,1064
958,1033,968,1033,968,1049,958,1049
166,1056,288,1056,288,1090,166,1090
1150,1059,1296,1059,1296,1096,1150,1096
1332,1062,1421,1062,1421,1096,1332,1096
158,1090,348,1090,348,1127,158,1127
1150,1093,1293,1093,1293,1129,1150,1129
166,1122,288,1122,288,1161,166,1161
1148,1127,1246,1127,1246,1163,1148,1163
1246,1129,1390,1129,1390,1163,1246,1163
166,1158,275,1158,275,1194,166,1194
166,1194,208,1194,208,1226,166,1226
203,1194,278,1194,278,1228,203,1228
166,1226,281,1226,281,1262,166,1262
104,1228,124,1228,124,1257,104,1257
164,1260,283,1260,283,1296,164,1296
101,1262,124,1262,124,1286,101,1286
166,1293,265,1293,265,1330,166,1330
101,1296,127,1296,127,1325,101,1325
164,1327,294,1327,294,1361,164,1361
101,1330,124,1330,124,1356,101,1356
153,1361,229,1361,229,1395,153,1395
114,1395,304,1395,304,1431,114,1431
111,1429,320,1429,320,1463,111,1463
661,1442,674,1442,674,1457,661,1457
111,1463,281,1463,281,1499,111,1499
658,1473,674,1473,674,1494,658,1494
588,1496,679,1496,679,1533,588,1533
169,1499,226,1499,226,1530,169,1530
445,1499,531,1499,531,1533,445,1533
538,1499,570,1499,570,1530,538,1530
684,1502,713,1502,713,1530,684,1530
833,1502,861,1502,861,1530,833,1530
1017,1502,1075,1502,1075,1533,1017,1533
1067,1502,1119,1502,1119,1535,1067,1535
950,1507,968,1507,968,1528,950,1528
978,1504,1004,1504,1004,1528,978,1528
804,1509,820,1509,820,1528,804,1528
111,1530,262,1530,262,1564,111,1564
1127,1532,1276,1536,1275,1570,1126,1567
1309,1533,1392,1533,1392,1569,1309,1569
505,1535,528,1535,528,1562,505,1562
1400,1538,1465,1538,1465,1572,1400,1572
111,1564,262,1564,262,1601,111,1601
403,1564,632,1564,632,1601,403,1601
676,1564,773,1564,773,1601,676,1601
794,1567,939,1567,939,1601,794,1601
1007,1567,1166,1567,1166,1603,1007,1603
643,1569,669,1569,669,1598,643,1598
976,1569,1004,1569,1004,1598,976,1598
112,1595,279,1599,278,1638,111,1634
393,1601,557,1601,557,1634,393,1634
947,1601,1111,1601,1111,1637,947,1637
859,1603,916,1603,916,1634,859,1634
1270,1603,1369,1603,1369,1637,1270,1637
1411,1601,1603,1601,1603,1710,1411,1710
111,1632,257,1632,257,1666,111,1666
390,1634,476,1634,476,1668,390,1668
481,1634,544,1634,544,1668,481,1668
546,1634,635,1634,635,1671,546,1671
637,1634,715,1634,715,1668,637,1668
1132,1634,1207,1634,1207,1668,1132,1668
1267,1634,1356,1634,1356,1673,1267,1673
341,1663,367,1663,367,1671,341,1671
442,1663,458,1663,458,1671,442,1671
637,1668,702,1668,702,1702,637,1702
702,1668,739,1668,739,1705,702,1705
859,1668,929,1668,929,1705,859,1705
1051,1671,1090,1671,1090,1705,1051,1705
1090,1671,1124,1671,1124,1705,1090,1705
349,1695,484,1699,484,1736,348,1733
1135,1702,1233,1702,1233,1739,1135,1739
1236,1705,1291,1705,1291,1739,1236,1739
130,1733,184,1733,184,1767,130,1767
187,1733,301,1733,301,1767,187,1767
301,1733,510,1733,510,1770,301,1770
507,1733,564,1733,564,1770,507,1770
567,1733,866,1733,866,1770,567,1770
1041,1736,1075,1736,1075,1767,1041,1767
1075,1736,1257,1736,1257,1772,1075,1772
1260,1739,1314,1739,1314,1772,1260,1772
1314,1739,1442,1739,1442,1775,1314,1775
1442,1739,1564,1739,1564,1775,1442,1775
101,1744,119,1744,119,1762,101,1762
1007,1741,1033,1741,1033,1767,1007,1767
130,1767,208,1767,208,1804,130,1804
210,1767,390,1767,390,1801,210,1801
393,1767,507,1767,507,1804,393,1804
684,1767,762,1767,762,1804,684,1804
510,1770,564,1770,564,1801,510,1801
567,1770,622,1770,622,1801,567,1801
627,1770,682,1770,682,1804,627,1804
760,1770,796,1770,796,1801,760,1801
796,1770,908,1770,908,1804,796,1804
1041,1770,1140,1770,1140,1804,1041,1804
1145,1770,1244,1770,1244,1806,1145,1806
1246,1772,1278,1772,1278,1804,1246,1804
1280,1772,1392,1772,1392,1806,1280,1806
117,1801,182,1801,182,1835,117,1835
187,1801,416,1801,416,1837,187,1837
416,1801,494,1801,494,1837,416,1837
554,1801,773,1801,773,1837,554,1837
499,1804,554,1804,554,1835,499,1835
775,1804,877,1804,877,1837,775,1837
1049,1804,1223,1804,1223,1840,1049,1840
1226,1804,1338,1804,1338,1840,1226,1840
1395,1803,1508,1806,1507,1844,1394,1841
1007,1806,1033,1806,1033,1835,1007,1835
1338,1806,1392,1806,1392,1840,1338,1840
127,1835,184,1835,184,1871,127,1871
184,1835,367,1835,367,1871,184,1871
369,1835,481,1835,481,1871,369,1871
486,1837,541,1837,541,1869,486,1869
541,1837,585,1837,585,1871,541,1871
611,1837,702,1837,702,1871,611,1871
702,1837,762,1837,762,1869,702,1869
762,1837,840,1837,840,1871,762,1871
1041,1837,1085,1837,1085,1874,1041,1874
1085,1837,1220,1837,1220,1871,1085,1871
1280,1837,1358,1837,1358,1874,1280,1874
1226,1840,1278,1840,1278,1874,1226,1874
1361,1840,1413,1840,1413,1874,1361,1874
1418,1840,1496,1840,1496,1877,1418,1877
1499,1840,1554,1840,1554,1877,1499,1877
593,1845,609,1845,609,1861,593,1861
117,1869,182,1869,182,1903,117,1903
184,1869,484,1869,484,1905,184,1905
484,1868,589,1871,588,1908,483,1904
590,1871,682,1871,682,1905,590,1905
682,1871,830,1871,830,1905,682,1905
830,1871,921,1871,921,1905,830,1905
1041,1871,1072,1871,1072,1905,1041,1905
1075,1871,1176,1871,1176,1908,1075,1908
1179,1871,1254,1871,1254,1908,1179,1908
1257,1874,1332,1874,1332,1908,1257,1908
1338,1874,1416,1874,1416,1908,1338,1908
1418,1874,1496,1874,1496,1910,1418,1910
1499,1874,1575,1874,1575,1910,1499,1910
130,1903,156,1903,156,1934,130,1934
164,1903,218,1903,218,1936,164,1936
218,1905,273,1905,273,1934,218,1934
275,1905,333,1905,333,1936,275,1936
333,1905,364,1905,364,1934,333,1934
1041,1905,1332,1905,1332,1942,1041,1942
1338,1906,1567,1910,1567,1945,1337,1942
127,1936,192,1936,192,1970,127,1970
195,1936,364,1936,364,1973,195,1973
367,1936,424,1936,424,1970,367,1970
96,1939,119,1939,119,1965,96,1965
1038,1939,1129,1939,1129,1975,1038,1975
1132,1942,1187,1942,1187,1973,1132,1973
1189,1942,1288,1942,1288,1975,1189,1975
1291,1942,1325,1942,1325,1975,1291,1975
1325,1942,1437,1942,1437,1975,1325,1975
124,1970,208,1970,208,2004,124,2004
197,1970,307,1970,307,2004,197,2004
312,1970,562,1970,562,2007,312,2007
564,1970,619,1970,619,2007,564,2007
624,1973,773,1973,773,2007,624,2007
773,1973,840,1973,840,2007,773,2007
1038,1973,1220,1973,1220,2009,1038,2009
1231,1972,1359,1976,1358,2013,1230,2009
1004,1975,1030,1975,1030,2001,1004,2001
1361,1975,1390,1975,1390,2007,1361,2007
1395,1975,1450,1975,1450,2009,1395,2009
1452,1975,1528,1975,1528,2009,1452,2009
1530,1978,1585,1978,1585,2012,1530,2012
309,2001,492,2004,491,2042,309,2039
91,2004,119,2004,119,2033,91,2033
127,2004,179,2004,179,2038,127,2038
184,2004,296,2004,296,2038,184,2038
497,2004,611,2004,611,2041,497,2041
611,2004,682,2004,682,2041,611,2041
679,2007,874,2007,874,2041,679,2041
1038,2007,1093,2007,1093,2043,1038,2043
1096,2007,1153,2007,1153,2043,1096,2043
1166,2002,1360,2008,1358,2046,1165,2040
1361,2009,1387,2009,1387,2041,1361,2041
1395,2009,1450,2009,1450,2043,1395,2043
1452,2009,1575,2009,1575,2046,1452,2046
127,2038,239,2038,239,2074,127,2074
242,2038,364,2038,364,2072,242,2072
426,2038,528,2038,528,2072,426,2072
531,2038,632,2038,632,2074,531,2074
635,2038,898,2038,898,2074,635,2074
369,2041,424,2041,424,2072,369,2072
898,2041,931,2041,931,2074,898,2074
1038,2041,1267,2041,1267,2077,1038,2077
1265,2043,1392,2043,1392,2077,1265,2077
1395,2043,1447,2043,1447,2077,1395,2077
1452,2043,1562,2043,1562,2077,1452,2077
127,2072,179,2072,179,2106,127,2106
182,2072,262,2072,262,2106,182,2106
262,2072,341,2072,341,2106,262,2106
343,2072,421,2072,421,2108,343,2108
564,2072,643,2072,643,2108,564,2108
645,2072,781,2072,781,2108,645,2108
426,2074,505,2074,505,2106,426,2106
507,2074,562,2074,562,2106,507,2106
1038,2074,1174,2074,1174,2108,1038,2108
1179,2074,1254,2074,1254,2111,1179,2111
1254,2077,1288,2077,1288,2108,1254,2108
1291,2077,1400,2077,1400,2111,1291,2111
1405,2077,1470,2077,1470,2111,1405,2111
1473,2077,1595,2077,1595,2113,1473,2113
91,2106,117,2106,117,2134,91,2134
124,2106,203,2106,203,2139,124,2139
208,2106,408,2106,408,2142,208,2142
413,2106,515,2106,515,2139,413,2139
520,2106,572,2106,572,2142,520,2142
577,2106,632,2106,632,2142,577,2142
635,2108,781,2108,781,2142,635,2142
783,2108,840,2108,840,2142,783,2142
840,2108,908,2108,908,2142,840,2142
1041,2108,1093,2108,1093,2142,1041,2142
1096,2106,1450,2110,1449,2148,1095,2144
1450,2111,1572,2111,1572,2147,1450,2147
124,2137,216,2137,216,2173,124,2173
218,2139,270,2139,270,2173,218,2173
275,2139,328,2139,328,2173,275,2173
390,2139,596,2139,596,2176,390,2176
598,2139,747,2139,747,2176,598,2176
333,2142,387,2142,387,2173,333,2173
749,2142,827,2142,827,2176,749,2176
827,2142,942,2142,942,2176,827,2176
1038,2142,1163,2142,1163,2176,1038,2176
1166,2142,1403,2142,1403,2178,1166,2178
1405,2145,1457,2145,1457,2178,1405,2178
1452,2145,1562,2145,1562,2181,1452,2181
124,2173,156,2173,156,2205,124,2205
158,2173,262,2173,262,2207,158,2207
262,2173,377,2173,377,2207,262,2207
374,2173,434,2173,434,2207,374,2207
434,2176,619,2172,620,2208,435,2212
622,2176,734,2176,734,2207,622,2207
1038,2176,1150,2176,1150,2210,1038,2210
1150,2176,1403,2176,1403,2212,1150,2212
101,2205,445,2205,445,2241,101,2241
447,2207,575,2207,575,2241,447,2241
656,2207,773,2207,773,2241,656,2241
575,2210,653,2210,653,2241,575,2241
770,2210,825,2210,825,2241,770,2241
827,2210,911,2210,911,2244,827,2244
908,2210,1056,2210,1056,2244,908,2244
